#$t$ (s)	$E_y$ (V/m)	(600,55)	
0.00000e+00	0.00000e+00	
2.35865e-09	0.00000e+00	
4.71731e-09	0.00000e+00	
7.07596e-09	0.00000e+00	
9.43462e-09	0.00000e+00	
1.17933e-08	0.00000e+00	
1.41519e-08	0.00000e+00	
1.65106e-08	0.00000e+00	
1.88692e-08	0.00000e+00	
2.12279e-08	0.00000e+00	
2.35865e-08	0.00000e+00	
2.59452e-08	0.00000e+00	
2.83039e-08	0.00000e+00	
3.06625e-08	0.00000e+00	
3.30212e-08	0.00000e+00	
3.53798e-08	0.00000e+00	
3.77385e-08	0.00000e+00	
4.00971e-08	0.00000e+00	
4.24558e-08	0.00000e+00	
4.48144e-08	0.00000e+00	
4.71731e-08	0.00000e+00	
4.95317e-08	0.00000e+00	
5.18904e-08	0.00000e+00	
5.42490e-08	0.00000e+00	
5.66077e-08	0.00000e+00	
5.89664e-08	0.00000e+00	
6.13250e-08	0.00000e+00	
6.36837e-08	0.00000e+00	
6.60423e-08	0.00000e+00	
6.84010e-08	0.00000e+00	
7.07596e-08	0.00000e+00	
7.31183e-08	0.00000e+00	
7.54769e-08	0.00000e+00	
7.78356e-08	0.00000e+00	
8.01942e-08	0.00000e+00	
8.25529e-08	0.00000e+00	
8.49116e-08	0.00000e+00	
8.72702e-08	0.00000e+00	
8.96289e-08	0.00000e+00	
9.19875e-08	0.00000e+00	
9.43462e-08	0.00000e+00	
9.67048e-08	0.00000e+00	
9.90635e-08	0.00000e+00	
1.01422e-07	0.00000e+00	
1.03781e-07	0.00000e+00	
1.06139e-07	0.00000e+00	
1.08498e-07	0.00000e+00	
1.10857e-07	0.00000e+00	
1.13215e-07	0.00000e+00	
1.15574e-07	0.00000e+00	
1.17933e-07	0.00000e+00	
1.20291e-07	0.00000e+00	
1.22650e-07	0.00000e+00	
1.25009e-07	0.00000e+00	
1.27367e-07	0.00000e+00	
1.29726e-07	0.00000e+00	
1.32085e-07	0.00000e+00	
1.34443e-07	0.00000e+00	
1.36802e-07	0.00000e+00	
1.39161e-07	0.00000e+00	
1.41519e-07	0.00000e+00	
1.43878e-07	0.00000e+00	
1.46237e-07	0.00000e+00	
1.48595e-07	0.00000e+00	
1.50954e-07	0.00000e+00	
1.53313e-07	0.00000e+00	
1.55671e-07	0.00000e+00	
1.58030e-07	0.00000e+00	
1.60388e-07	0.00000e+00	
1.62747e-07	0.00000e+00	
1.65106e-07	0.00000e+00	
1.67464e-07	0.00000e+00	
1.69823e-07	0.00000e+00	
1.72182e-07	0.00000e+00	
1.74540e-07	0.00000e+00	
1.76899e-07	0.00000e+00	
1.79258e-07	0.00000e+00	
1.81616e-07	0.00000e+00	
1.83975e-07	0.00000e+00	
1.86334e-07	0.00000e+00	
1.88692e-07	0.00000e+00	
1.91051e-07	0.00000e+00	
1.93410e-07	0.00000e+00	
1.95768e-07	0.00000e+00	
1.98127e-07	0.00000e+00	
2.00486e-07	0.00000e+00	
2.02844e-07	0.00000e+00	
2.05203e-07	0.00000e+00	
2.07562e-07	0.00000e+00	
2.09920e-07	0.00000e+00	
2.12279e-07	0.00000e+00	
2.14638e-07	0.00000e+00	
2.16996e-07	0.00000e+00	
2.19355e-07	0.00000e+00	
2.21714e-07	0.00000e+00	
2.24072e-07	0.00000e+00	
2.26431e-07	0.00000e+00	
2.28789e-07	0.00000e+00	
2.31148e-07	0.00000e+00	
2.33507e-07	0.00000e+00	
2.35865e-07	0.00000e+00	
2.38224e-07	9.88705e-32	
2.40583e-07	1.00832e-29	
2.42941e-07	5.11789e-28	
2.45300e-07	1.72350e-26	
2.47659e-07	4.33155e-25	
2.50017e-07	8.66448e-24	
2.52376e-07	1.43669e-22	
2.54735e-07	2.03076e-21	
2.57093e-07	2.49752e-20	
2.59452e-07	2.71434e-19	
2.61811e-07	2.63898e-18	
2.64169e-07	2.31792e-17	
2.66528e-07	1.85422e-16	
2.68887e-07	1.36005e-15	
2.71245e-07	9.19922e-15	
2.73604e-07	5.76590e-14	
2.75963e-07	3.36300e-13	
2.78321e-07	1.83194e-12	
2.80680e-07	9.34990e-12	
2.83039e-07	4.48359e-11	
2.85397e-07	2.02506e-10	
2.87756e-07	8.63359e-10	
2.90114e-07	3.48112e-09	
2.92473e-07	1.32973e-08	
2.94832e-07	4.81926e-08	
2.97190e-07	1.65938e-07	
2.99549e-07	5.43461e-07	
3.01908e-07	1.69470e-06	
3.04266e-07	5.03617e-06	
3.06625e-07	1.42732e-05	
3.08984e-07	3.86037e-05	
3.11342e-07	9.96891e-05	
3.13701e-07	2.45895e-04	
3.16060e-07	5.79512e-04	
3.18418e-07	1.30515e-03	
3.20777e-07	2.80914e-03	
3.23136e-07	5.77804e-03	
3.25494e-07	1.13557e-02	
3.27853e-07	2.13184e-02	
3.30212e-07	3.82149e-02	
3.32570e-07	6.53783e-02	
3.34929e-07	1.06682e-01	
3.37288e-07	1.65924e-01	
3.39646e-07	2.45787e-01	
3.42005e-07	3.46508e-01	
3.44364e-07	4.64612e-01	
3.46722e-07	5.92280e-01	
3.49081e-07	7.17956e-01	
3.51439e-07	8.28528e-01	
3.53798e-07	9.12746e-01	
3.56157e-07	9.64833e-01	
3.58515e-07	9.86481e-01	
3.60874e-07	9.86124e-01	
3.63233e-07	9.74596e-01	
3.65591e-07	9.59679e-01	
3.67950e-07	9.41207e-01	
3.70309e-07	9.11034e-01	
3.72667e-07	8.57819e-01	
3.75026e-07	7.74026e-01	
3.77385e-07	6.62760e-01	
3.79743e-07	5.35765e-01	
3.82102e-07	4.08166e-01	
3.84461e-07	2.88643e-01	
3.86819e-07	1.74335e-01	
3.89178e-07	5.65231e-02	
3.91537e-07	-7.24221e-02	
3.93895e-07	-2.08985e-01	
3.96254e-07	-3.39659e-01	
3.98613e-07	-4.51733e-01	
4.00971e-07	-5.41193e-01	
4.03330e-07	-6.16419e-01	
4.05689e-07	-6.89611e-01	
4.08047e-07	-7.63422e-01	
4.10406e-07	-8.28908e-01	
4.12765e-07	-8.73299e-01	
4.15123e-07	-8.91186e-01	
4.17482e-07	-8.90437e-01	
4.19840e-07	-8.83417e-01	
4.22199e-07	-8.73326e-01	
4.24558e-07	-8.51970e-01	
4.26916e-07	-8.08972e-01	
4.29275e-07	-7.43083e-01	
4.31634e-07	-6.64948e-01	
4.33992e-07	-5.86017e-01	
4.36351e-07	-5.06080e-01	
4.38710e-07	-4.15615e-01	
4.41068e-07	-3.08880e-01	
4.43427e-07	-1.91790e-01	
4.45786e-07	-7.68721e-02	
4.48144e-07	2.95294e-02	
4.50503e-07	1.33315e-01	
4.52862e-07	2.43044e-01	
4.55220e-07	3.56613e-01	
4.57579e-07	4.62247e-01	
4.59938e-07	5.51696e-01	
4.62296e-07	6.28239e-01	
4.64655e-07	7.00496e-01	
4.67014e-07	7.69881e-01	
4.69372e-07	8.27079e-01	
4.71731e-07	8.62977e-01	
4.74090e-07	8.80055e-01	
4.76448e-07	8.88038e-01	
4.78807e-07	8.89882e-01	
4.81165e-07	8.77957e-01	
4.83524e-07	8.44864e-01	
4.85883e-07	7.93559e-01	
4.88241e-07	7.33758e-01	
4.90600e-07	6.69697e-01	
4.92959e-07	5.95466e-01	
4.95317e-07	5.04737e-01	
4.97676e-07	4.01629e-01	
5.00035e-07	2.96713e-01	
5.02393e-07	1.93784e-01	
5.04752e-07	8.69939e-02	
5.07111e-07	-2.79474e-02	
5.09469e-07	-1.45366e-01	
5.11828e-07	-2.55650e-01	
5.14187e-07	-3.56449e-01	
5.16545e-07	-4.53388e-01	
5.18904e-07	-5.49530e-01	
5.21263e-07	-6.38631e-01	
5.23621e-07	-7.12191e-01	
5.25980e-07	-7.70229e-01	
5.28339e-07	-8.19459e-01	
5.30697e-07	-8.61533e-01	
5.33056e-07	-8.89499e-01	
5.35415e-07	-8.97706e-01	
5.37773e-07	-8.89610e-01	
5.40132e-07	-8.71942e-01	
5.42490e-07	-8.44703e-01	
5.44849e-07	-8.01880e-01	
5.47208e-07	-7.41294e-01	
5.49566e-07	-6.68814e-01	
5.51925e-07	-5.90764e-01	
5.54284e-07	-5.05899e-01	
5.56642e-07	-4.09241e-01	
5.59001e-07	-3.02009e-01	
5.61360e-07	-1.92063e-01	
5.63718e-07	-8.39971e-02	
5.66077e-07	2.53802e-02	
5.68436e-07	1.39087e-01	
5.70794e-07	2.52494e-01	
5.73153e-07	3.58131e-01	
5.75512e-07	4.54755e-01	
5.77870e-07	5.46468e-01	
5.80229e-07	6.33690e-01	
5.82588e-07	7.10528e-01	
5.84946e-07	7.71734e-01	
5.87305e-07	8.19308e-01	
5.89664e-07	8.57064e-01	
5.92022e-07	8.83007e-01	
5.94381e-07	8.91596e-01	
5.96740e-07	8.81156e-01	
5.99098e-07	8.57795e-01	
6.01457e-07	8.25781e-01	
6.03816e-07	7.81842e-01	
6.06174e-07	7.22908e-01	
6.08533e-07	6.51499e-01	
6.10891e-07	5.72306e-01	
6.13250e-07	4.86295e-01	
6.15609e-07	3.89680e-01	
6.17967e-07	2.82589e-01	
6.20326e-07	1.72256e-01	
6.22685e-07	6.24221e-02	
6.25043e-07	-4.87281e-02	
6.27402e-07	-1.62156e-01	
6.29761e-07	-2.73631e-01	
6.32119e-07	-3.76520e-01	
6.34478e-07	-4.70067e-01	
6.36837e-07	-5.58507e-01	
6.39195e-07	-6.42196e-01	
6.41554e-07	-7.15310e-01	
6.43913e-07	-7.72974e-01	
6.46271e-07	-8.17298e-01	
6.48630e-07	-8.52184e-01	
6.50989e-07	-8.75076e-01	
6.53347e-07	-8.81154e-01	
6.55706e-07	-8.71649e-01	
6.58065e-07	-8.50640e-01	
6.60423e-07	-8.18069e-01	
6.62782e-07	-7.71077e-01	
6.65141e-07	-7.09412e-01	
6.67499e-07	-6.37031e-01	
6.69858e-07	-5.57678e-01	
6.72216e-07	-4.69971e-01	
6.74575e-07	-3.71313e-01	
6.76934e-07	-2.65447e-01	
6.79292e-07	-1.58819e-01	
6.81651e-07	-5.16132e-02	
6.84010e-07	5.93304e-02	
6.86368e-07	1.71704e-01	
6.88727e-07	2.79415e-01	
6.91086e-07	3.80189e-01	
6.93444e-07	4.75851e-01	
6.95803e-07	5.66652e-01	
6.98162e-07	6.48769e-01	
7.00520e-07	7.18045e-01	
7.02879e-07	7.74819e-01	
7.05238e-07	8.21937e-01	
7.07596e-07	8.58033e-01	
7.09955e-07	8.78217e-01	
7.12314e-07	8.82127e-01	
7.14672e-07	8.74258e-01	
7.17031e-07	8.55343e-01	
7.19390e-07	8.21231e-01	
7.21748e-07	7.71312e-01	
7.24107e-07	7.10413e-01	
7.26466e-07	6.41183e-01	
7.28824e-07	5.61327e-01	
7.31183e-07	4.69865e-01	
7.33541e-07	3.70793e-01	
7.35900e-07	2.68442e-01	
7.38259e-07	1.62813e-01	
7.40617e-07	5.23421e-02	
7.42976e-07	-6.05952e-02	
7.45335e-07	-1.70663e-01	
7.47693e-07	-2.75795e-01	
7.50052e-07	-3.78032e-01	
7.52411e-07	-4.76992e-01	
7.54769e-07	-5.67486e-01	
7.57128e-07	-6.46065e-01	
7.59487e-07	-7.14821e-01	
7.61845e-07	-7.75357e-01	
7.64204e-07	-8.23886e-01	
7.66563e-07	-8.56446e-01	
7.68921e-07	-8.74686e-01	
7.71280e-07	-8.81868e-01	
7.73639e-07	-8.76496e-01	
7.75997e-07	-8.54924e-01	
7.78356e-07	-8.18034e-01	
7.80715e-07	-7.70164e-01	
7.83073e-07	-7.12363e-01	
7.85432e-07	-6.41913e-01	
7.87791e-07	-5.58854e-01	
7.90149e-07	-4.67855e-01	
7.92508e-07	-3.72112e-01	
7.94867e-07	-2.70158e-01	
7.97225e-07	-1.61282e-01	
7.99584e-07	-4.96926e-02	
8.01942e-07	6.01093e-02	
8.04301e-07	1.68327e-01	
8.06660e-07	2.76270e-01	
8.09018e-07	3.80908e-01	
8.11377e-07	4.77435e-01	
8.13736e-07	5.65030e-01	
8.16094e-07	6.45476e-01	
8.18453e-07	7.17433e-01	
8.20812e-07	7.76697e-01	
8.23170e-07	8.21804e-01	
8.25529e-07	8.54921e-01	
8.27888e-07	8.76616e-01	
8.30246e-07	8.83927e-01	
8.32605e-07	8.75149e-01	
8.34964e-07	8.52730e-01	
8.37322e-07	8.19036e-01	
8.39681e-07	7.72637e-01	
8.42040e-07	7.11914e-01	
8.44398e-07	6.39411e-01	
8.46757e-07	5.58877e-01	
8.49116e-07	4.70374e-01	
8.51474e-07	3.72537e-01	
8.53833e-07	2.67730e-01	
8.56192e-07	1.60435e-01	
8.58550e-07	5.19030e-02	
8.60909e-07	-5.89639e-02	
8.63267e-07	-1.70352e-01	
8.65626e-07	-2.77787e-01	
8.67985e-07	-3.79299e-01	
8.70343e-07	-4.75822e-01	
8.72702e-07	-5.66486e-01	
8.75061e-07	-6.47536e-01	
8.77419e-07	-7.16799e-01	
8.79778e-07	-7.75210e-01	
8.82137e-07	-8.23143e-01	
8.84495e-07	-8.58159e-01	
8.86854e-07	-8.78226e-01	
8.89213e-07	-8.84480e-01	
8.91571e-07	-8.78488e-01	
8.93930e-07	-8.59420e-01	
8.96289e-07	-8.25473e-01	
8.98647e-07	-7.77827e-01	
9.01006e-07	-7.19160e-01	
9.03365e-07	-6.49963e-01	
9.05723e-07	-5.69117e-01	
9.08082e-07	-4.77722e-01	
9.10441e-07	-3.79698e-01	
9.12799e-07	-2.77084e-01	
9.15158e-07	-1.69360e-01	
9.17517e-07	-5.78168e-02	
9.19875e-07	5.34869e-02	
9.22234e-07	1.61921e-01	
9.24593e-07	2.68120e-01	
9.26951e-07	3.72007e-01	
9.29310e-07	4.69858e-01	
9.31668e-07	5.58983e-01	
9.34027e-07	6.40032e-01	
9.36386e-07	7.12842e-01	
9.38744e-07	7.74566e-01	
9.41103e-07	8.22329e-01	
9.43462e-07	8.56865e-01	
9.45820e-07	8.79578e-01	
9.48179e-07	8.88517e-01	
9.50538e-07	8.81990e-01	
9.52896e-07	8.61194e-01	
9.55255e-07	8.27955e-01	
9.57614e-07	7.82359e-01	
9.59972e-07	7.23404e-01	
9.62331e-07	6.52431e-01	
9.64690e-07	5.72398e-01	
9.67048e-07	4.84104e-01	
9.69407e-07	3.87216e-01	
9.71766e-07	2.83169e-01	
9.74124e-07	1.75023e-01	
9.76483e-07	6.52504e-02	
9.78842e-07	-4.55623e-02	
9.81200e-07	-1.56585e-01	
9.83559e-07	-2.64970e-01	
9.85918e-07	-3.68181e-01	
9.88276e-07	-4.65804e-01	
9.90635e-07	-5.57384e-01	
9.92993e-07	-6.40292e-01	
9.95352e-07	-7.11589e-01	
9.97711e-07	-7.71014e-01	
1.00007e-06	-8.19585e-01	
1.00243e-06	-8.56105e-01	
1.00479e-06	-8.78121e-01	
1.00715e-06	-8.85464e-01	
1.00950e-06	-8.79778e-01	
1.01186e-06	-8.60959e-01	
1.01422e-06	-8.27378e-01	
1.01658e-06	-7.79861e-01	
1.01894e-06	-7.21413e-01	
1.02130e-06	-6.52723e-01	
1.02366e-06	-5.72478e-01	
1.02601e-06	-4.81884e-01	
1.02837e-06	-3.84570e-01	
1.03073e-06	-2.82511e-01	
1.03309e-06	-1.75444e-01	
1.03545e-06	-6.43533e-02	
1.03781e-06	4.72986e-02	
1.04017e-06	1.56987e-01	
1.04253e-06	2.64776e-01	
1.04488e-06	3.69644e-01	
1.04724e-06	4.68011e-01	
1.04960e-06	5.57733e-01	
1.05196e-06	6.39237e-01	
1.05432e-06	7.11879e-01	
1.05668e-06	7.73026e-01	
1.05904e-06	8.20880e-01	
1.06139e-06	8.55701e-01	
1.06375e-06	8.78030e-01	
1.06611e-06	8.86857e-01	
1.06847e-06	8.80752e-01	
1.07083e-06	8.60342e-01	
1.07319e-06	8.27293e-01	
1.07555e-06	7.81578e-01	
1.07791e-06	7.22660e-01	
1.08026e-06	6.52007e-01	
1.08262e-06	5.71821e-01	
1.08498e-06	4.83025e-01	
1.08734e-06	3.86068e-01	
1.08970e-06	2.82433e-01	
1.09206e-06	1.74683e-01	
1.09442e-06	6.50105e-02	
1.09677e-06	-4.58730e-02	
1.09913e-06	-1.57074e-01	
1.10149e-06	-2.65669e-01	
1.10385e-06	-3.68911e-01	
1.10621e-06	-4.66459e-01	
1.10857e-06	-5.57829e-01	
1.11093e-06	-6.40286e-01	
1.11328e-06	-7.11512e-01	
1.11564e-06	-7.71552e-01	
1.11800e-06	-8.20495e-01	
1.12036e-06	-8.56627e-01	
1.12272e-06	-8.78200e-01	
1.12508e-06	-8.85578e-01	
1.12744e-06	-8.80062e-01	
1.12980e-06	-8.61213e-01	
1.13215e-06	-8.27648e-01	
1.13451e-06	-7.80348e-01	
1.13687e-06	-7.21941e-01	
1.13923e-06	-6.52871e-01	
1.14159e-06	-5.72263e-01	
1.14395e-06	-4.81938e-01	
1.14631e-06	-3.85246e-01	
1.14866e-06	-2.83116e-01	
1.15102e-06	-1.75343e-01	
1.15338e-06	-6.41894e-02	
1.15574e-06	4.68981e-02	
1.15810e-06	1.56590e-01	
1.16046e-06	2.64772e-01	
1.16282e-06	3.69542e-01	
1.16518e-06	4.67644e-01	
1.16753e-06	5.57472e-01	
1.16989e-06	6.39239e-01	
1.17225e-06	7.11953e-01	
1.17461e-06	7.72792e-01	
1.17697e-06	8.20342e-01	
1.17933e-06	8.55526e-01	
1.18169e-06	8.78321e-01	
1.18404e-06	8.86736e-01	
1.18640e-06	8.80116e-01	
1.18876e-06	8.60049e-01	
1.19112e-06	8.27347e-01	
1.19348e-06	7.81171e-01	
1.19584e-06	7.21779e-01	
1.19820e-06	6.51243e-01	
1.20056e-06	5.71140e-01	
1.20291e-06	4.81760e-01	
1.20527e-06	3.83901e-01	
1.20763e-06	2.79973e-01	
1.20999e-06	1.72292e-01	
1.21235e-06	6.19059e-02	
1.21471e-06	-5.03640e-02	
1.21707e-06	-1.62055e-01	
1.21942e-06	-2.70290e-01	
1.22178e-06	-3.73869e-01	
1.22414e-06	-4.72319e-01	
1.22650e-06	-5.63705e-01	
1.22886e-06	-6.45223e-01	
1.23122e-06	-7.15988e-01	
1.23358e-06	-7.76271e-01	
1.23593e-06	-8.25040e-01	
1.23829e-06	-8.60283e-01	
1.24065e-06	-8.81439e-01	
1.24301e-06	-8.89437e-01	
1.24537e-06	-8.84258e-01	
1.24773e-06	-8.64638e-01	
1.25009e-06	-8.30487e-01	
1.25245e-06	-7.83374e-01	
1.25480e-06	-7.24455e-01	
1.25716e-06	-6.53583e-01	
1.25952e-06	-5.71316e-01	
1.26188e-06	-4.80321e-01	
1.26424e-06	-3.82745e-01	
1.26660e-06	-2.78990e-01	
1.26896e-06	-1.70043e-01	
1.27131e-06	-5.87061e-02	
1.27367e-06	5.24244e-02	
1.27603e-06	1.63022e-01	
1.27839e-06	2.72337e-01	
1.28075e-06	3.77187e-01	
1.28311e-06	4.75024e-01	
1.28547e-06	5.65503e-01	
1.28783e-06	6.48249e-01	
1.29018e-06	7.20764e-01	
1.29254e-06	7.80560e-01	
1.29490e-06	8.28028e-01	
1.29726e-06	8.63738e-01	
1.29962e-06	8.85883e-01	
1.30198e-06	8.92856e-01	
1.30434e-06	8.85502e-01	
1.30669e-06	8.65416e-01	
1.30905e-06	8.32114e-01	
1.31141e-06	7.84490e-01	
1.31377e-06	7.24160e-01	
1.31613e-06	6.53559e-01	
1.31849e-06	5.72918e-01	
1.32085e-06	4.82120e-01	
1.32321e-06	3.83281e-01	
1.32556e-06	2.79480e-01	
1.32792e-06	1.71884e-01	
1.33028e-06	6.06148e-02	
1.33264e-06	-5.21091e-02	
1.33500e-06	-1.63073e-01	
1.33736e-06	-2.71113e-01	
1.33972e-06	-3.75885e-01	
1.34207e-06	-4.75182e-01	
1.34443e-06	-5.65959e-01	
1.34679e-06	-6.47107e-01	
1.34915e-06	-7.18937e-01	
1.35151e-06	-7.80182e-01	
1.35387e-06	-8.28350e-01	
1.35623e-06	-8.62818e-01	
1.35858e-06	-8.84489e-01	
1.36094e-06	-8.92823e-01	
1.36330e-06	-8.86164e-01	
1.36566e-06	-8.64726e-01	
1.36802e-06	-8.30504e-01	
1.37038e-06	-7.84166e-01	
1.37274e-06	-7.24817e-01	
1.37510e-06	-6.53066e-01	
1.37745e-06	-5.71480e-01	
1.37981e-06	-4.81717e-01	
1.38217e-06	-3.83898e-01	
1.38453e-06	-2.79222e-01	
1.38689e-06	-1.70659e-01	
1.38925e-06	-6.03042e-02	
1.39161e-06	5.14645e-02	
1.39396e-06	1.63417e-01	
1.39632e-06	2.72545e-01	
1.39868e-06	3.76424e-01	
1.40104e-06	4.74396e-01	
1.40340e-06	5.65718e-01	
1.40576e-06	6.48172e-01	
1.40812e-06	7.19634e-01	
1.41048e-06	7.79745e-01	
1.41283e-06	8.28401e-01	
1.41519e-06	8.63951e-01	
1.41755e-06	8.84931e-01	
1.41991e-06	8.91928e-01	
1.42227e-06	8.85836e-01	
1.42463e-06	8.65970e-01	
1.42699e-06	8.31528e-01	
1.42934e-06	7.83637e-01	
1.43170e-06	7.24252e-01	
1.43406e-06	6.53816e-01	
1.43642e-06	5.72181e-01	
1.43878e-06	4.81213e-01	
1.44114e-06	3.83634e-01	
1.44350e-06	2.80262e-01	
1.44586e-06	1.71434e-01	
1.44821e-06	5.96109e-02	
1.45057e-06	-5.21443e-02	
1.45293e-06	-1.62660e-01	
1.45529e-06	-2.71512e-01	
1.45765e-06	-3.76645e-01	
1.46001e-06	-4.75034e-01	
1.46237e-06	-5.65271e-01	
1.46472e-06	-6.47361e-01	
1.46708e-06	-7.19925e-01	
1.46944e-06	-7.80345e-01	
1.47180e-06	-8.27788e-01	
1.47416e-06	-8.62975e-01	
1.47652e-06	-8.85231e-01	
1.47888e-06	-8.92780e-01	
1.48123e-06	-8.85501e-01	
1.48359e-06	-8.64889e-01	
1.48595e-06	-8.31504e-01	
1.48831e-06	-7.84489e-01	
1.49067e-06	-7.24110e-01	
1.49303e-06	-6.52767e-01	
1.49539e-06	-5.72209e-01	
1.49775e-06	-4.82154e-01	
1.50010e-06	-3.83398e-01	
1.50246e-06	-2.79121e-01	
1.50482e-06	-1.71525e-01	
1.50718e-06	-6.06710e-02	
1.50954e-06	5.21671e-02	
1.51190e-06	1.63640e-01	
1.51426e-06	2.71487e-01	
1.51661e-06	3.75489e-01	
1.51897e-06	4.74587e-01	
1.52133e-06	5.65781e-01	
1.52369e-06	6.46915e-01	
1.52605e-06	7.18126e-01	
1.52841e-06	7.79109e-01	
1.53077e-06	8.27386e-01	
1.53313e-06	8.61408e-01	
1.53548e-06	8.82158e-01	
1.53784e-06	8.90098e-01	
1.54020e-06	8.83574e-01	
1.54256e-06	8.62033e-01	
1.54492e-06	8.27267e-01	
1.54728e-06	7.80489e-01	
1.54964e-06	7.21209e-01	
1.55199e-06	6.49613e-01	
1.55435e-06	5.67969e-01	
1.55671e-06	4.78361e-01	
1.55907e-06	3.81199e-01	
1.56143e-06	2.76968e-01	
1.56379e-06	1.68240e-01	
1.56615e-06	5.78608e-02	
1.56851e-06	-5.34382e-02	
1.57086e-06	-1.65093e-01	
1.57322e-06	-2.74284e-01	
1.57558e-06	-3.77983e-01	
1.57794e-06	-4.75500e-01	
1.58030e-06	-5.66510e-01	
1.58266e-06	-6.48604e-01	
1.58502e-06	-7.19220e-01	
1.58737e-06	-7.78138e-01	
1.58973e-06	-8.25761e-01	
1.59209e-06	-8.60738e-01	
1.59445e-06	-8.81216e-01	
1.59681e-06	-8.87482e-01	
1.59917e-06	-8.80924e-01	
1.60153e-06	-8.60974e-01	
1.60388e-06	-8.26401e-01	
1.60624e-06	-7.78288e-01	
1.60860e-06	-7.18877e-01	
1.61096e-06	-6.48498e-01	
1.61332e-06	-5.66669e-01	
1.61568e-06	-4.75474e-01	
1.61804e-06	-3.77918e-01	
1.62040e-06	-2.74822e-01	
1.62275e-06	-1.66459e-01	
1.62511e-06	-5.50721e-02	
1.62747e-06	5.62378e-02	
1.62983e-06	1.66202e-01	
1.63219e-06	2.74481e-01	
1.63455e-06	3.78934e-01	
1.63691e-06	4.76674e-01	
1.63926e-06	5.66379e-01	
1.64162e-06	6.47813e-01	
1.64398e-06	7.19639e-01	
1.64634e-06	7.79408e-01	
1.64870e-06	8.26265e-01	
1.65106e-06	8.60816e-01	
1.65342e-06	8.82355e-01	
1.65578e-06	8.89310e-01	
1.65813e-06	8.81640e-01	
1.66049e-06	8.60700e-01	
1.66285e-06	8.26901e-01	
1.66521e-06	7.79462e-01	
1.66757e-06	7.19023e-01	
1.66993e-06	6.47809e-01	
1.67229e-06	5.67063e-01	
1.67464e-06	4.76885e-01	
1.67700e-06	3.78384e-01	
1.67936e-06	2.74297e-01	
1.68172e-06	1.66844e-01	
1.68408e-06	5.64723e-02	
1.68644e-06	-5.57407e-02	
1.68880e-06	-1.66773e-01	
1.69116e-06	-2.74287e-01	
1.69351e-06	-3.77831e-01	
1.69587e-06	-4.76364e-01	
1.69823e-06	-5.67031e-01	
1.70059e-06	-6.47691e-01	
1.70295e-06	-7.18432e-01	
1.70531e-06	-7.78886e-01	
1.70767e-06	-8.26746e-01	
1.71002e-06	-8.60625e-01	
1.71238e-06	-8.81316e-01	
1.71474e-06	-8.89053e-01	
1.71710e-06	-8.82374e-01	
1.71946e-06	-8.60719e-01	
1.72182e-06	-8.25758e-01	
1.72418e-06	-7.78876e-01	
1.72653e-06	-7.19577e-01	
1.72889e-06	-6.47911e-01	
1.73125e-06	-5.66138e-01	
1.73361e-06	-4.76372e-01	
1.73597e-06	-3.78937e-01	
1.73833e-06	-2.74555e-01	
1.74069e-06	-1.65972e-01	
1.74305e-06	-5.58024e-02	
1.74540e-06	5.52682e-02	
1.74776e-06	1.66458e-01	
1.75012e-06	2.75081e-01	
1.75248e-06	3.78499e-01	
1.75484e-06	4.75921e-01	
1.75720e-06	5.66648e-01	
1.75956e-06	6.48401e-01	
1.76191e-06	7.19062e-01	
1.76427e-06	7.78401e-01	
1.76663e-06	8.26406e-01	
1.76899e-06	8.61488e-01	
1.77135e-06	8.82061e-01	
1.77371e-06	8.88482e-01	
1.77607e-06	8.81732e-01	
1.77843e-06	8.61377e-01	
1.78078e-06	8.26629e-01	
1.78314e-06	7.78547e-01	
1.78550e-06	7.19057e-01	
1.78786e-06	6.48553e-01	
1.79022e-06	5.66879e-01	
1.79258e-06	4.75850e-01	
1.79494e-06	3.78248e-01	
1.79729e-06	2.75202e-01	
1.79965e-06	1.66975e-01	
1.80201e-06	5.55470e-02	
1.80437e-06	-5.59813e-02	
1.80673e-06	-1.66084e-01	
1.80909e-06	-2.74370e-01	
1.81145e-06	-3.78823e-01	
1.81381e-06	-4.76413e-01	
1.81616e-06	-5.66000e-01	
1.81852e-06	-6.47604e-01	
1.82088e-06	-7.19529e-01	
1.82324e-06	-7.79191e-01	
1.82560e-06	-8.25977e-01	
1.82796e-06	-8.60585e-01	
1.83032e-06	-8.82250e-01	
1.83267e-06	-8.89176e-01	
1.83503e-06	-8.81467e-01	
1.83739e-06	-8.60738e-01	
1.83975e-06	-8.27058e-01	
1.84211e-06	-7.79410e-01	
1.84447e-06	-7.18871e-01	
1.84683e-06	-6.47961e-01	
1.84919e-06	-5.67504e-01	
1.85154e-06	-4.77273e-01	
1.85390e-06	-3.78863e-01	
1.85626e-06	-2.75269e-01	
1.85862e-06	-1.68067e-01	
1.86098e-06	-5.75908e-02	
1.86334e-06	5.44618e-02	
1.86570e-06	1.64952e-01	
1.86805e-06	2.72151e-01	
1.87041e-06	3.75747e-01	
1.87277e-06	4.74065e-01	
1.87513e-06	5.64225e-01	
1.87749e-06	6.44861e-01	
1.87985e-06	7.16021e-01	
1.88221e-06	7.76554e-01	
1.88456e-06	8.24310e-01	
1.88692e-06	8.58396e-01	
1.88928e-06	8.79441e-01	
1.89164e-06	8.87304e-01	
1.89400e-06	8.80641e-01	
1.89636e-06	8.59313e-01	
1.89872e-06	8.24892e-01	
1.90108e-06	7.78178e-01	
1.90343e-06	7.18638e-01	
1.90579e-06	6.47027e-01	
1.90815e-06	5.65779e-01	
1.91051e-06	4.76452e-01	
1.91287e-06	3.79286e-01	
1.91523e-06	2.75463e-01	
1.91759e-06	1.67701e-01	
1.91994e-06	5.81671e-02	
1.92230e-06	-5.25293e-02	
1.92466e-06	-1.63305e-01	
1.92702e-06	-2.71365e-01	
1.92938e-06	-3.74345e-01	
1.93174e-06	-4.71704e-01	
1.93410e-06	-5.62592e-01	
1.93646e-06	-6.44374e-01	
1.93881e-06	-7.15028e-01	
1.94117e-06	-7.74566e-01	
1.94353e-06	-8.22681e-01	
1.94589e-06	-8.57583e-01	
1.94825e-06	-8.78035e-01	
1.95061e-06	-8.84778e-01	
1.95297e-06	-8.78552e-01	
1.95532e-06	-8.58402e-01	
1.95768e-06	-8.23823e-01	
1.96004e-06	-7.76391e-01	
1.96240e-06	-7.17692e-01	
1.96476e-06	-6.47518e-01	
1.96712e-06	-5.66031e-01	
1.96948e-06	-4.75767e-01	
1.97184e-06	-3.79005e-01	
1.97419e-06	-2.76045e-01	
1.97655e-06	-1.67795e-01	
1.97891e-06	-5.70929e-02	
1.98127e-06	5.35334e-02	
1.98363e-06	1.63424e-01	
1.98599e-06	2.71708e-01	
1.98835e-06	3.75630e-01	
1.99070e-06	4.72717e-01	
1.99306e-06	5.62393e-01	
1.99542e-06	6.44137e-01	
1.99778e-06	7.15759e-01	
2.00014e-06	7.75094e-01	
2.00250e-06	8.22172e-01	
2.00486e-06	8.57290e-01	
2.00721e-06	8.78884e-01	
2.00957e-06	8.85675e-01	
2.01193e-06	8.78470e-01	
2.01429e-06	8.58290e-01	
2.01665e-06	8.24665e-01	
2.01901e-06	7.77178e-01	
2.02137e-06	7.17357e-01	
2.02373e-06	6.47082e-01	
2.02608e-06	5.66688e-01	
2.02844e-06	4.76524e-01	
2.03080e-06	3.78688e-01	
2.03316e-06	2.75695e-01	
2.03552e-06	1.68544e-01	
2.03788e-06	5.78832e-02	
2.04024e-06	-5.38255e-02	
2.04259e-06	-1.63774e-01	
2.04495e-06	-2.71024e-01	
2.04731e-06	-3.74880e-01	
2.04967e-06	-4.72988e-01	
2.05203e-06	-5.62866e-01	
2.05439e-06	-6.43667e-01	
2.05675e-06	-7.15023e-01	
2.05911e-06	-7.75282e-01	
2.06146e-06	-8.22591e-01	
2.06382e-06	-8.56716e-01	
2.06618e-06	-8.78050e-01	
2.06854e-06	-8.85857e-01	
2.07090e-06	-8.79029e-01	
2.07326e-06	-8.57934e-01	
2.07562e-06	-8.23945e-01	
2.07797e-06	-7.77369e-01	
2.08033e-06	-7.17826e-01	
2.08269e-06	-6.46550e-01	
2.08505e-06	-5.65854e-01	
2.08741e-06	-4.76712e-01	
2.08977e-06	-3.79313e-01	
2.09213e-06	-2.75385e-01	
2.09449e-06	-1.67751e-01	
2.09684e-06	-5.80078e-02	
2.09920e-06	5.32522e-02	
2.10156e-06	1.64170e-01	
2.10392e-06	2.71851e-01	
2.10628e-06	3.74724e-01	
2.10864e-06	4.72373e-01	
2.11100e-06	5.63168e-01	
2.11335e-06	6.44427e-01	
2.11571e-06	7.14898e-01	
2.11807e-06	7.74725e-01	
2.12043e-06	8.22913e-01	
2.12279e-06	8.57448e-01	
2.12515e-06	8.77923e-01	
2.12751e-06	8.85311e-01	
2.12986e-06	8.79302e-01	
2.13222e-06	8.58655e-01	
2.13458e-06	8.23851e-01	
2.13694e-06	7.76750e-01	
2.13930e-06	7.18006e-01	
2.14166e-06	6.47334e-01	
2.14402e-06	5.65911e-01	
2.14638e-06	4.76140e-01	
2.14873e-06	3.79372e-01	
2.15109e-06	2.76021e-01	
2.15345e-06	1.67752e-01	
2.15581e-06	5.74390e-02	
2.15817e-06	-5.31339e-02	
2.16053e-06	-1.63440e-01	
2.16289e-06	-2.71851e-01	
2.16524e-06	-3.75447e-01	
2.16760e-06	-4.72479e-01	
2.16996e-06	-5.62619e-01	
2.17232e-06	-6.44530e-01	
2.17468e-06	-7.15702e-01	
2.17704e-06	-7.74933e-01	
2.17940e-06	-8.22561e-01	
2.18176e-06	-8.57992e-01	
2.18411e-06	-8.79357e-01	
2.18647e-06	-8.86118e-01	
2.18883e-06	-8.79417e-01	
2.19119e-06	-8.59601e-01	
2.19355e-06	-8.25796e-01	
2.19591e-06	-7.78342e-01	
2.19827e-06	-7.19082e-01	
2.20062e-06	-6.49120e-01	
2.20298e-06	-5.68455e-01	
2.20534e-06	-4.78134e-01	
2.20770e-06	-3.80739e-01	
2.21006e-06	-2.78031e-01	
2.21242e-06	-1.70473e-01	
2.21478e-06	-5.94899e-02	
2.21714e-06	5.19960e-02	
2.21949e-06	1.62010e-01	
2.22185e-06	2.69906e-01	
2.22421e-06	3.74130e-01	
2.22657e-06	4.71994e-01	
2.22893e-06	5.61763e-01	
2.23129e-06	6.43062e-01	
2.23365e-06	7.14860e-01	
2.23600e-06	7.75035e-01	
2.23836e-06	8.22316e-01	
2.24072e-06	8.56957e-01	
2.24308e-06	8.78820e-01	
2.24544e-06	8.86656e-01	
2.24780e-06	8.79959e-01	
2.25016e-06	8.59650e-01	
2.25251e-06	8.26398e-01	
2.25487e-06	7.79928e-01	
2.25723e-06	7.20523e-01	
2.25959e-06	6.49860e-01	
2.26195e-06	5.69565e-01	
2.26431e-06	4.80082e-01	
2.26667e-06	3.82249e-01	
2.26903e-06	2.78501e-01	
2.27138e-06	1.71148e-01	
2.27374e-06	6.10371e-02	
2.27610e-06	-5.07383e-02	
2.27846e-06	-1.61525e-01	
2.28082e-06	-2.68981e-01	
2.28318e-06	-3.72293e-01	
2.28554e-06	-4.70495e-01	
2.28789e-06	-5.61260e-01	
2.29025e-06	-6.42424e-01	
2.29261e-06	-7.13542e-01	
2.29497e-06	-7.74268e-01	
2.29733e-06	-8.22747e-01	
2.29969e-06	-8.57394e-01	
2.30205e-06	-8.78475e-01	
2.30441e-06	-8.86468e-01	
2.30676e-06	-8.80431e-01	
2.30912e-06	-8.59734e-01	
2.31148e-06	-8.25564e-01	
2.31384e-06	-7.79114e-01	
2.31620e-06	-7.20364e-01	
2.31856e-06	-6.49566e-01	
2.32092e-06	-5.68533e-01	
2.32327e-06	-4.79279e-01	
2.32563e-06	-3.82416e-01	
2.32799e-06	-2.78715e-01	
2.33035e-06	-1.70633e-01	
2.33271e-06	-6.06257e-02	
2.33507e-06	5.03276e-02	
2.33743e-06	1.61232e-01	
2.33979e-06	2.69581e-01	
2.34214e-06	3.72930e-01	
2.34450e-06	4.70412e-01	
2.34686e-06	5.61178e-01	
2.34922e-06	6.43146e-01	
2.35158e-06	7.14306e-01	
2.35394e-06	7.74078e-01	
2.35630e-06	8.22357e-01	
