#$t$ (s)	$E_x$ (V/m)	(600,55)	
0.00000e+00	0.00000e+00	
2.35865e-09	0.00000e+00	
4.71731e-09	0.00000e+00	
7.07596e-09	0.00000e+00	
9.43462e-09	0.00000e+00	
1.17933e-08	0.00000e+00	
1.41519e-08	0.00000e+00	
1.65106e-08	0.00000e+00	
1.88692e-08	0.00000e+00	
2.12279e-08	0.00000e+00	
2.35865e-08	0.00000e+00	
2.59452e-08	0.00000e+00	
2.83039e-08	0.00000e+00	
3.06625e-08	0.00000e+00	
3.30212e-08	0.00000e+00	
3.53798e-08	0.00000e+00	
3.77385e-08	0.00000e+00	
4.00971e-08	0.00000e+00	
4.24558e-08	0.00000e+00	
4.48144e-08	0.00000e+00	
4.71731e-08	0.00000e+00	
4.95317e-08	0.00000e+00	
5.18904e-08	0.00000e+00	
5.42490e-08	0.00000e+00	
5.66077e-08	0.00000e+00	
5.89664e-08	0.00000e+00	
6.13250e-08	0.00000e+00	
6.36837e-08	0.00000e+00	
6.60423e-08	0.00000e+00	
6.84010e-08	0.00000e+00	
7.07596e-08	0.00000e+00	
7.31183e-08	0.00000e+00	
7.54769e-08	0.00000e+00	
7.78356e-08	0.00000e+00	
8.01942e-08	0.00000e+00	
8.25529e-08	0.00000e+00	
8.49116e-08	0.00000e+00	
8.72702e-08	0.00000e+00	
8.96289e-08	0.00000e+00	
9.19875e-08	0.00000e+00	
9.43462e-08	0.00000e+00	
9.67048e-08	0.00000e+00	
9.90635e-08	0.00000e+00	
1.01422e-07	0.00000e+00	
1.03781e-07	0.00000e+00	
1.06139e-07	0.00000e+00	
1.08498e-07	0.00000e+00	
1.10857e-07	0.00000e+00	
1.13215e-07	0.00000e+00	
1.15574e-07	0.00000e+00	
1.17933e-07	0.00000e+00	
1.20291e-07	0.00000e+00	
1.22650e-07	0.00000e+00	
1.25009e-07	0.00000e+00	
1.27367e-07	0.00000e+00	
1.29726e-07	0.00000e+00	
1.32085e-07	0.00000e+00	
1.34443e-07	0.00000e+00	
1.36802e-07	0.00000e+00	
1.39161e-07	0.00000e+00	
1.41519e-07	0.00000e+00	
1.43878e-07	0.00000e+00	
1.46237e-07	0.00000e+00	
1.48595e-07	0.00000e+00	
1.50954e-07	0.00000e+00	
1.53313e-07	0.00000e+00	
1.55671e-07	0.00000e+00	
1.58030e-07	0.00000e+00	
1.60388e-07	0.00000e+00	
1.62747e-07	0.00000e+00	
1.65106e-07	0.00000e+00	
1.67464e-07	0.00000e+00	
1.69823e-07	0.00000e+00	
1.72182e-07	0.00000e+00	
1.74540e-07	0.00000e+00	
1.76899e-07	0.00000e+00	
1.79258e-07	0.00000e+00	
1.81616e-07	0.00000e+00	
1.83975e-07	0.00000e+00	
1.86334e-07	0.00000e+00	
1.88692e-07	0.00000e+00	
1.91051e-07	0.00000e+00	
1.93410e-07	0.00000e+00	
1.95768e-07	0.00000e+00	
1.98127e-07	0.00000e+00	
2.00486e-07	0.00000e+00	
2.02844e-07	0.00000e+00	
2.05203e-07	0.00000e+00	
2.07562e-07	0.00000e+00	
2.09920e-07	0.00000e+00	
2.12279e-07	0.00000e+00	
2.14638e-07	0.00000e+00	
2.16996e-07	0.00000e+00	
2.19355e-07	0.00000e+00	
2.21714e-07	0.00000e+00	
2.24072e-07	0.00000e+00	
2.26431e-07	0.00000e+00	
2.28789e-07	0.00000e+00	
2.31148e-07	0.00000e+00	
2.33507e-07	0.00000e+00	
2.35865e-07	0.00000e+00	
2.38224e-07	0.00000e+00	
2.40583e-07	0.00000e+00	
2.42941e-07	0.00000e+00	
2.45300e-07	0.00000e+00	
2.47659e-07	0.00000e+00	
2.50017e-07	0.00000e+00	
2.52376e-07	0.00000e+00	
2.54735e-07	0.00000e+00	
2.57093e-07	0.00000e+00	
2.59452e-07	0.00000e+00	
2.61811e-07	0.00000e+00	
2.64169e-07	0.00000e+00	
2.66528e-07	0.00000e+00	
2.68887e-07	0.00000e+00	
2.71245e-07	0.00000e+00	
2.73604e-07	0.00000e+00	
2.75963e-07	0.00000e+00	
2.78321e-07	0.00000e+00	
2.80680e-07	0.00000e+00	
2.83039e-07	0.00000e+00	
2.85397e-07	0.00000e+00	
2.87756e-07	0.00000e+00	
2.90114e-07	0.00000e+00	
2.92473e-07	0.00000e+00	
2.94832e-07	0.00000e+00	
2.97190e-07	0.00000e+00	
2.99549e-07	0.00000e+00	
3.01908e-07	0.00000e+00	
3.04266e-07	0.00000e+00	
3.06625e-07	0.00000e+00	
3.08984e-07	0.00000e+00	
3.11342e-07	0.00000e+00	
3.13701e-07	0.00000e+00	
3.16060e-07	0.00000e+00	
3.18418e-07	0.00000e+00	
3.20777e-07	0.00000e+00	
3.23136e-07	0.00000e+00	
3.25494e-07	0.00000e+00	
3.27853e-07	0.00000e+00	
3.30212e-07	0.00000e+00	
3.32570e-07	0.00000e+00	
3.34929e-07	0.00000e+00	
3.37288e-07	0.00000e+00	
3.39646e-07	0.00000e+00	
3.42005e-07	0.00000e+00	
3.44364e-07	7.87890e-09	
3.46722e-07	3.01658e-08	
3.49081e-07	2.49951e-07	
3.51439e-07	8.16663e-07	
3.53798e-07	3.57554e-06	
3.56157e-07	1.00080e-05	
3.58515e-07	3.05392e-05	
3.60874e-07	7.33844e-05	
3.63233e-07	1.73703e-04	
3.65591e-07	3.58557e-04	
3.67950e-07	6.94105e-04	
3.70309e-07	1.22940e-03	
3.72667e-07	2.00074e-03	
3.75026e-07	3.03083e-03	
3.77385e-07	4.19971e-03	
3.79743e-07	5.41244e-03	
3.82102e-07	6.40776e-03	
3.84461e-07	6.99683e-03	
3.86819e-07	7.09365e-03	
3.89178e-07	6.65057e-03	
3.91537e-07	5.94867e-03	
3.93895e-07	5.19467e-03	
3.96254e-07	4.61382e-03	
3.98613e-07	4.35021e-03	
4.00971e-07	4.22532e-03	
4.03330e-07	4.10979e-03	
4.05689e-07	3.89404e-03	
4.08047e-07	3.51814e-03	
4.10406e-07	3.16235e-03	
4.12765e-07	2.94757e-03	
4.15123e-07	2.82946e-03	
4.17482e-07	2.76714e-03	
4.19840e-07	2.64958e-03	
4.22199e-07	2.41290e-03	
4.24558e-07	2.19591e-03	
4.26916e-07	2.09044e-03	
4.29275e-07	2.03984e-03	
4.31634e-07	1.99759e-03	
4.33992e-07	1.90505e-03	
4.36351e-07	1.73337e-03	
4.38710e-07	1.60150e-03	
4.41068e-07	1.58335e-03	
4.43427e-07	1.57419e-03	
4.45786e-07	1.50131e-03	
4.48144e-07	1.39581e-03	
4.50503e-07	1.28670e-03	
4.52862e-07	1.22431e-03	
4.55220e-07	1.23320e-03	
4.57579e-07	1.20979e-03	
4.59938e-07	1.08998e-03	
4.62296e-07	9.80339e-04	
4.64655e-07	9.52971e-04	
4.67014e-07	9.41534e-04	
4.69372e-07	8.95740e-04	
4.71731e-07	8.18414e-04	
4.74090e-07	7.19652e-04	
4.76448e-07	6.57519e-04	
4.78807e-07	6.63868e-04	
4.81165e-07	6.42414e-04	
4.83524e-07	5.32082e-04	
4.85883e-07	4.35244e-04	
4.88241e-07	4.21664e-04	
4.90600e-07	4.13318e-04	
4.92959e-07	3.52873e-04	
4.95317e-07	2.73556e-04	
4.97676e-07	2.04714e-04	
5.00035e-07	1.64329e-04	
5.02393e-07	1.57580e-04	
5.04752e-07	1.22051e-04	
5.07111e-07	2.06229e-05	
5.09469e-07	-5.65408e-05	
5.11828e-07	-5.04097e-05	
5.14187e-07	-5.78726e-05	
5.16545e-07	-1.45961e-04	
5.18904e-07	-2.31550e-04	
5.21263e-07	-2.54010e-04	
5.23621e-07	-2.67009e-04	
5.25980e-07	-3.12967e-04	
5.28339e-07	-3.76328e-04	
5.30697e-07	-4.40162e-04	
5.33056e-07	-4.80930e-04	
5.35415e-07	-4.88019e-04	
5.37773e-07	-5.18282e-04	
5.40132e-07	-6.06977e-04	
5.42490e-07	-6.74584e-04	
5.44849e-07	-6.67865e-04	
5.47208e-07	-6.75827e-04	
5.49566e-07	-7.60764e-04	
5.51925e-07	-8.37554e-04	
5.54284e-07	-8.44333e-04	
5.56642e-07	-8.50725e-04	
5.59001e-07	-9.09511e-04	
5.61360e-07	-9.75036e-04	
5.63718e-07	-1.01028e-03	
5.66077e-07	-1.03226e-03	
5.68436e-07	-1.05814e-03	
5.70794e-07	-1.10022e-03	
5.73153e-07	-1.16251e-03	
5.75512e-07	-1.20610e-03	
5.77870e-07	-1.21085e-03	
5.80229e-07	-1.23082e-03	
5.82588e-07	-1.32015e-03	
5.84946e-07	-1.36810e-03	
5.87305e-07	-1.31074e-03	
5.89664e-07	-1.15977e-03	
5.92022e-07	-8.78667e-04	
5.94381e-07	-4.14343e-04	
5.96740e-07	3.13334e-04	
5.99098e-07	1.07514e-03	
6.01457e-07	1.62820e-03	
6.03816e-07	1.99508e-03	
6.06174e-07	2.19258e-03	
6.08533e-07	2.31901e-03	
6.10891e-07	2.54863e-03	
6.13250e-07	2.81894e-03	
6.15609e-07	3.02080e-03	
6.17967e-07	3.05070e-03	
6.20326e-07	2.78293e-03	
6.22685e-07	2.31601e-03	
6.25043e-07	1.77983e-03	
6.27402e-07	1.30343e-03	
6.29761e-07	9.30338e-04	
6.32119e-07	6.32899e-04	
6.34478e-07	4.58044e-04	
6.36837e-07	4.02434e-04	
6.39195e-07	4.19511e-04	
6.41554e-07	3.60422e-04	
6.43913e-07	6.25985e-05	
6.46271e-07	-2.64412e-04	
6.48630e-07	-3.18795e-04	
6.50989e-07	-2.36796e-04	
6.53347e-07	-2.64054e-04	
6.55706e-07	-4.01930e-04	
6.58065e-07	-6.00627e-04	
6.60423e-07	-7.70855e-04	
6.62782e-07	-7.78708e-04	
6.65141e-07	-7.16885e-04	
6.67499e-07	-7.93833e-04	
6.69858e-07	-9.75917e-04	
6.72216e-07	-1.10030e-03	
6.74575e-07	-1.13374e-03	
6.76934e-07	-1.12976e-03	
6.79292e-07	-1.15813e-03	
6.81651e-07	-1.27079e-03	
6.84010e-07	-1.40571e-03	
6.86368e-07	-1.45516e-03	
6.88727e-07	-1.44172e-03	
6.91086e-07	-1.46978e-03	
6.93444e-07	-1.56695e-03	
6.95803e-07	-1.67457e-03	
6.98162e-07	-1.72448e-03	
7.00520e-07	-1.71577e-03	
7.02879e-07	-1.73746e-03	
7.05238e-07	-1.83947e-03	
7.07596e-07	-1.93244e-03	
7.09955e-07	-1.94154e-03	
7.12314e-07	-1.94269e-03	
7.14672e-07	-2.01095e-03	
7.17031e-07	-2.08902e-03	
7.19390e-07	-2.11832e-03	
7.21748e-07	-2.14003e-03	
7.24107e-07	-2.19124e-03	
7.26466e-07	-2.24052e-03	
7.28824e-07	-2.26719e-03	
7.31183e-07	-2.29967e-03	
7.33541e-07	-2.35325e-03	
7.35900e-07	-2.39841e-03	
7.38259e-07	-2.41357e-03	
7.40617e-07	-2.42990e-03	
7.42976e-07	-2.48317e-03	
7.45335e-07	-2.54381e-03	
7.47693e-07	-2.55993e-03	
7.50052e-07	-2.55414e-03	
7.52411e-07	-2.58992e-03	
7.54769e-07	-2.65753e-03	
7.57128e-07	-2.69160e-03	
7.59487e-07	-2.68415e-03	
7.61845e-07	-2.69023e-03	
7.64204e-07	-2.73803e-03	
7.66563e-07	-2.79491e-03	
7.68921e-07	-2.81289e-03	
7.71280e-07	-2.79273e-03	
7.73639e-07	-2.79900e-03	
7.75997e-07	-2.86796e-03	
7.78356e-07	-2.92387e-03	
7.80715e-07	-2.89340e-03	
7.83073e-07	-2.85685e-03	
7.85432e-07	-2.91959e-03	
7.87791e-07	-3.00379e-03	
7.90149e-07	-2.98095e-03	
7.92508e-07	-2.92032e-03	
7.94867e-07	-2.96175e-03	
7.97225e-07	-3.04942e-03	
7.99584e-07	-3.04485e-03	
8.01942e-07	-2.98755e-03	
8.04301e-07	-3.00240e-03	
8.06660e-07	-3.06707e-03	
8.09018e-07	-3.08069e-03	
8.11377e-07	-3.04938e-03	
8.13736e-07	-3.04249e-03	
8.16094e-07	-3.06754e-03	
8.18453e-07	-3.09091e-03	
8.20812e-07	-3.09506e-03	
8.23170e-07	-3.07717e-03	
8.25529e-07	-3.06064e-03	
8.27888e-07	-3.08226e-03	
8.30246e-07	-3.11695e-03	
8.32605e-07	-3.09913e-03	
8.34964e-07	-3.05180e-03	
8.37322e-07	-3.06223e-03	
8.39681e-07	-3.11249e-03	
8.42040e-07	-3.10193e-03	
8.44398e-07	-3.04133e-03	
8.46757e-07	-3.03620e-03	
8.49116e-07	-3.08388e-03	
8.51474e-07	-3.08219e-03	
8.53833e-07	-3.02568e-03	
8.56192e-07	-3.00616e-03	
8.58550e-07	-3.03590e-03	
8.60909e-07	-3.03958e-03	
8.63267e-07	-2.99856e-03	
8.65626e-07	-2.96868e-03	
8.67985e-07	-2.96866e-03	
8.70343e-07	-2.96606e-03	
8.72702e-07	-2.93370e-03	
8.75061e-07	-2.88106e-03	
8.77419e-07	-2.81783e-03	
8.79778e-07	-2.75014e-03	
8.82137e-07	-2.64894e-03	
8.84495e-07	-2.47115e-03	
8.86854e-07	-2.21762e-03	
8.89213e-07	-1.91778e-03	
8.91571e-07	-1.58012e-03	
8.93930e-07	-1.14414e-03	
8.96289e-07	-6.38677e-04	
8.98647e-07	-1.55586e-04	
9.01006e-07	2.43474e-04	
9.03365e-07	5.74715e-04	
9.05723e-07	8.46537e-04	
9.08082e-07	9.75151e-04	
9.10441e-07	9.54002e-04	
9.12799e-07	8.80172e-04	
9.15158e-07	8.29532e-04	
9.17517e-07	7.98585e-04	
9.19875e-07	7.30388e-04	
9.22234e-07	6.27847e-04	
9.24593e-07	5.14951e-04	
9.26951e-07	3.09601e-04	
9.29310e-07	-1.23195e-05	
9.31668e-07	-3.97927e-04	
9.34027e-07	-7.15319e-04	
9.36386e-07	-8.46194e-04	
9.38744e-07	-8.40546e-04	
9.41103e-07	-7.34738e-04	
