#$t$ (s)	$E_y$ (V/m)	(600,55)	
0.00000e+00	0.00000e+00	
2.35865e-09	0.00000e+00	
4.71731e-09	0.00000e+00	
7.07596e-09	0.00000e+00	
9.43462e-09	0.00000e+00	
1.17933e-08	0.00000e+00	
1.41519e-08	0.00000e+00	
1.65106e-08	0.00000e+00	
1.88692e-08	0.00000e+00	
2.12279e-08	0.00000e+00	
2.35865e-08	0.00000e+00	
2.59452e-08	0.00000e+00	
2.83039e-08	0.00000e+00	
3.06625e-08	0.00000e+00	
3.30212e-08	0.00000e+00	
3.53798e-08	0.00000e+00	
3.77385e-08	0.00000e+00	
4.00971e-08	0.00000e+00	
4.24558e-08	0.00000e+00	
4.48144e-08	0.00000e+00	
4.71731e-08	0.00000e+00	
4.95317e-08	0.00000e+00	
5.18904e-08	0.00000e+00	
5.42490e-08	0.00000e+00	
5.66077e-08	0.00000e+00	
5.89664e-08	0.00000e+00	
6.13250e-08	0.00000e+00	
6.36837e-08	0.00000e+00	
6.60423e-08	0.00000e+00	
6.84010e-08	0.00000e+00	
7.07596e-08	0.00000e+00	
7.31183e-08	0.00000e+00	
7.54769e-08	0.00000e+00	
7.78356e-08	0.00000e+00	
8.01942e-08	0.00000e+00	
8.25529e-08	0.00000e+00	
8.49116e-08	0.00000e+00	
8.72702e-08	0.00000e+00	
8.96289e-08	0.00000e+00	
9.19875e-08	0.00000e+00	
9.43462e-08	0.00000e+00	
9.67048e-08	0.00000e+00	
9.90635e-08	0.00000e+00	
1.01422e-07	0.00000e+00	
1.03781e-07	0.00000e+00	
1.06139e-07	0.00000e+00	
1.08498e-07	0.00000e+00	
1.10857e-07	0.00000e+00	
1.13215e-07	0.00000e+00	
1.15574e-07	0.00000e+00	
1.17933e-07	0.00000e+00	
1.20291e-07	0.00000e+00	
1.22650e-07	0.00000e+00	
1.25009e-07	0.00000e+00	
1.27367e-07	0.00000e+00	
1.29726e-07	0.00000e+00	
1.32085e-07	0.00000e+00	
1.34443e-07	0.00000e+00	
1.36802e-07	0.00000e+00	
1.39161e-07	0.00000e+00	
1.41519e-07	0.00000e+00	
1.43878e-07	0.00000e+00	
1.46237e-07	0.00000e+00	
1.48595e-07	0.00000e+00	
1.50954e-07	0.00000e+00	
1.53313e-07	0.00000e+00	
1.55671e-07	0.00000e+00	
1.58030e-07	0.00000e+00	
1.60388e-07	0.00000e+00	
1.62747e-07	0.00000e+00	
1.65106e-07	0.00000e+00	
1.67464e-07	0.00000e+00	
1.69823e-07	0.00000e+00	
1.72182e-07	0.00000e+00	
1.74540e-07	0.00000e+00	
1.76899e-07	0.00000e+00	
1.79258e-07	0.00000e+00	
1.81616e-07	0.00000e+00	
1.83975e-07	0.00000e+00	
1.86334e-07	0.00000e+00	
1.88692e-07	0.00000e+00	
1.91051e-07	0.00000e+00	
1.93410e-07	0.00000e+00	
1.95768e-07	0.00000e+00	
1.98127e-07	0.00000e+00	
2.00486e-07	0.00000e+00	
2.02844e-07	0.00000e+00	
2.05203e-07	0.00000e+00	
2.07562e-07	0.00000e+00	
2.09920e-07	0.00000e+00	
2.12279e-07	0.00000e+00	
2.14638e-07	0.00000e+00	
2.16996e-07	0.00000e+00	
2.19355e-07	0.00000e+00	
2.21714e-07	0.00000e+00	
2.24072e-07	0.00000e+00	
2.26431e-07	0.00000e+00	
2.28789e-07	0.00000e+00	
2.31148e-07	0.00000e+00	
2.33507e-07	0.00000e+00	
2.35865e-07	0.00000e+00	
2.38224e-07	9.88705e-32	
2.40583e-07	1.00832e-29	
2.42941e-07	5.11789e-28	
2.45300e-07	1.72350e-26	
2.47659e-07	4.33155e-25	
2.50017e-07	8.66448e-24	
2.52376e-07	1.43669e-22	
2.54735e-07	2.03076e-21	
2.57093e-07	2.49752e-20	
2.59452e-07	2.71434e-19	
2.61811e-07	2.63898e-18	
2.64169e-07	2.31792e-17	
2.66528e-07	1.85422e-16	
2.68887e-07	1.36005e-15	
2.71245e-07	9.19922e-15	
2.73604e-07	5.76590e-14	
2.75963e-07	3.36300e-13	
2.78321e-07	1.83194e-12	
2.80680e-07	9.34990e-12	
2.83039e-07	4.48359e-11	
2.85397e-07	2.02506e-10	
2.87756e-07	8.63359e-10	
2.90114e-07	3.48112e-09	
2.92473e-07	1.32973e-08	
2.94832e-07	4.81926e-08	
2.97190e-07	1.65938e-07	
2.99549e-07	5.43461e-07	
3.01908e-07	1.69470e-06	
3.04266e-07	5.03617e-06	
3.06625e-07	1.42732e-05	
3.08984e-07	3.86037e-05	
3.11342e-07	9.96891e-05	
3.13701e-07	2.45895e-04	
3.16060e-07	5.79512e-04	
3.18418e-07	1.30515e-03	
3.20777e-07	2.80914e-03	
3.23136e-07	5.77804e-03	
3.25494e-07	1.13557e-02	
3.27853e-07	2.13184e-02	
3.30212e-07	3.82149e-02	
3.32570e-07	6.53783e-02	
3.34929e-07	1.06682e-01	
3.37288e-07	1.65924e-01	
3.39646e-07	2.45787e-01	
3.42005e-07	3.46508e-01	
3.44364e-07	4.64612e-01	
3.46722e-07	5.92280e-01	
3.49081e-07	7.17956e-01	
3.51439e-07	8.28528e-01	
3.53798e-07	9.12746e-01	
3.56157e-07	9.64833e-01	
3.58515e-07	9.86481e-01	
3.60874e-07	9.86124e-01	
3.63233e-07	9.74596e-01	
3.65591e-07	9.59679e-01	
3.67950e-07	9.41207e-01	
3.70309e-07	9.11034e-01	
3.72667e-07	8.57819e-01	
3.75026e-07	7.74026e-01	
3.77385e-07	6.62760e-01	
3.79743e-07	5.35765e-01	
3.82102e-07	4.08166e-01	
3.84461e-07	2.88643e-01	
3.86819e-07	1.74335e-01	
3.89178e-07	5.65231e-02	
3.91537e-07	-7.24221e-02	
3.93895e-07	-2.08985e-01	
3.96254e-07	-3.39659e-01	
3.98613e-07	-4.51733e-01	
4.00971e-07	-5.41193e-01	
4.03330e-07	-6.16419e-01	
4.05689e-07	-6.89611e-01	
4.08047e-07	-7.63422e-01	
4.10406e-07	-8.28908e-01	
4.12765e-07	-8.73299e-01	
4.15123e-07	-8.91186e-01	
4.17482e-07	-8.90437e-01	
4.19840e-07	-8.83417e-01	
4.22199e-07	-8.73326e-01	
4.24558e-07	-8.51970e-01	
4.26916e-07	-8.08972e-01	
4.29275e-07	-7.43083e-01	
4.31634e-07	-6.64948e-01	
4.33992e-07	-5.86017e-01	
4.36351e-07	-5.06080e-01	
4.38710e-07	-4.15615e-01	
4.41068e-07	-3.08880e-01	
4.43427e-07	-1.91790e-01	
4.45786e-07	-7.68721e-02	
4.48144e-07	2.95294e-02	
4.50503e-07	1.33315e-01	
4.52862e-07	2.43044e-01	
4.55220e-07	3.56613e-01	
4.57579e-07	4.62247e-01	
4.59938e-07	5.51696e-01	
4.62296e-07	6.28239e-01	
4.64655e-07	7.00496e-01	
4.67014e-07	7.69881e-01	
4.69372e-07	8.27079e-01	
4.71731e-07	8.62977e-01	
4.74090e-07	8.80055e-01	
4.76448e-07	8.88038e-01	
4.78807e-07	8.89882e-01	
4.81165e-07	8.77957e-01	
4.83524e-07	8.44864e-01	
4.85883e-07	7.93559e-01	
4.88241e-07	7.33758e-01	
4.90600e-07	6.69697e-01	
4.92959e-07	5.95466e-01	
4.95317e-07	5.04737e-01	
4.97676e-07	4.01629e-01	
5.00035e-07	2.96713e-01	
5.02393e-07	1.93784e-01	
5.04752e-07	8.69939e-02	
5.07111e-07	-2.79474e-02	
5.09469e-07	-1.45366e-01	
5.11828e-07	-2.55650e-01	
5.14187e-07	-3.56449e-01	
5.16545e-07	-4.53388e-01	
5.18904e-07	-5.49530e-01	
5.21263e-07	-6.38631e-01	
5.23621e-07	-7.12191e-01	
5.25980e-07	-7.70229e-01	
5.28339e-07	-8.19459e-01	
5.30697e-07	-8.61533e-01	
5.33056e-07	-8.89499e-01	
5.35415e-07	-8.97706e-01	
5.37773e-07	-8.89610e-01	
5.40132e-07	-8.71942e-01	
5.42490e-07	-8.44703e-01	
5.44849e-07	-8.01880e-01	
5.47208e-07	-7.41294e-01	
5.49566e-07	-6.68814e-01	
5.51925e-07	-5.90764e-01	
5.54284e-07	-5.05899e-01	
5.56642e-07	-4.09241e-01	
5.59001e-07	-3.02009e-01	
5.61360e-07	-1.92063e-01	
5.63718e-07	-8.39971e-02	
5.66077e-07	2.53802e-02	
5.68436e-07	1.39087e-01	
5.70794e-07	2.52494e-01	
5.73153e-07	3.58131e-01	
5.75512e-07	4.54755e-01	
5.77870e-07	5.46468e-01	
5.80229e-07	6.33690e-01	
5.82588e-07	7.10528e-01	
5.84946e-07	7.71734e-01	
5.87305e-07	8.19308e-01	
5.89664e-07	8.57064e-01	
5.92022e-07	8.83007e-01	
5.94381e-07	8.91596e-01	
5.96740e-07	8.81156e-01	
5.99098e-07	8.57795e-01	
6.01457e-07	8.25781e-01	
6.03816e-07	7.81842e-01	
6.06174e-07	7.22908e-01	
6.08533e-07	6.51499e-01	
6.10891e-07	5.72306e-01	
6.13250e-07	4.86295e-01	
6.15609e-07	3.89680e-01	
6.17967e-07	2.82589e-01	
6.20326e-07	1.72256e-01	
6.22685e-07	6.24221e-02	
6.25043e-07	-4.87281e-02	
6.27402e-07	-1.62156e-01	
6.29761e-07	-2.73631e-01	
6.32119e-07	-3.76520e-01	
6.34478e-07	-4.70067e-01	
6.36837e-07	-5.58507e-01	
6.39195e-07	-6.42196e-01	
6.41554e-07	-7.15310e-01	
6.43913e-07	-7.72974e-01	
6.46271e-07	-8.17298e-01	
6.48630e-07	-8.52184e-01	
6.50989e-07	-8.75076e-01	
6.53347e-07	-8.81154e-01	
6.55706e-07	-8.71649e-01	
6.58065e-07	-8.50640e-01	
6.60423e-07	-8.18069e-01	
6.62782e-07	-7.71077e-01	
6.65141e-07	-7.09412e-01	
6.67499e-07	-6.37031e-01	
6.69858e-07	-5.57678e-01	
6.72216e-07	-4.69971e-01	
6.74575e-07	-3.71313e-01	
6.76934e-07	-2.65447e-01	
6.79292e-07	-1.58819e-01	
6.81651e-07	-5.16132e-02	
6.84010e-07	5.93304e-02	
6.86368e-07	1.71704e-01	
6.88727e-07	2.79415e-01	
6.91086e-07	3.80189e-01	
6.93444e-07	4.75851e-01	
6.95803e-07	5.66652e-01	
6.98162e-07	6.48769e-01	
7.00520e-07	7.18045e-01	
7.02879e-07	7.74819e-01	
7.05238e-07	8.21937e-01	
7.07596e-07	8.58033e-01	
7.09955e-07	8.78217e-01	
7.12314e-07	8.82127e-01	
7.14672e-07	8.74258e-01	
7.17031e-07	8.55343e-01	
7.19390e-07	8.21231e-01	
7.21748e-07	7.71312e-01	
7.24107e-07	7.10413e-01	
7.26466e-07	6.41183e-01	
7.28824e-07	5.61327e-01	
7.31183e-07	4.69865e-01	
7.33541e-07	3.70793e-01	
7.35900e-07	2.68442e-01	
7.38259e-07	1.62813e-01	
7.40617e-07	5.23421e-02	
7.42976e-07	-6.05952e-02	
7.45335e-07	-1.70663e-01	
7.47693e-07	-2.75795e-01	
7.50052e-07	-3.78032e-01	
7.52411e-07	-4.76992e-01	
7.54769e-07	-5.67486e-01	
7.57128e-07	-6.46065e-01	
7.59487e-07	-7.14821e-01	
7.61845e-07	-7.75357e-01	
7.64204e-07	-8.23886e-01	
7.66563e-07	-8.56446e-01	
7.68921e-07	-8.74686e-01	
7.71280e-07	-8.81868e-01	
7.73639e-07	-8.76496e-01	
7.75997e-07	-8.54924e-01	
7.78356e-07	-8.18034e-01	
7.80715e-07	-7.70164e-01	
7.83073e-07	-7.12363e-01	
7.85432e-07	-6.41913e-01	
7.87791e-07	-5.58854e-01	
7.90149e-07	-4.67855e-01	
7.92508e-07	-3.72112e-01	
7.94867e-07	-2.70158e-01	
7.97225e-07	-1.61282e-01	
7.99584e-07	-4.96926e-02	
8.01942e-07	6.01093e-02	
8.04301e-07	1.68327e-01	
8.06660e-07	2.76270e-01	
8.09018e-07	3.80908e-01	
8.11377e-07	4.77435e-01	
8.13736e-07	5.65030e-01	
8.16094e-07	6.45476e-01	
8.18453e-07	7.17433e-01	
8.20812e-07	7.76697e-01	
8.23170e-07	8.21804e-01	
8.25529e-07	8.54921e-01	
8.27888e-07	8.76616e-01	
8.30246e-07	8.83927e-01	
8.32605e-07	8.75149e-01	
8.34964e-07	8.52730e-01	
8.37322e-07	8.19036e-01	
8.39681e-07	7.72637e-01	
8.42040e-07	7.11914e-01	
8.44398e-07	6.39411e-01	
8.46757e-07	5.58877e-01	
8.49116e-07	4.70374e-01	
8.51474e-07	3.72537e-01	
8.53833e-07	2.67730e-01	
8.56192e-07	1.60435e-01	
8.58550e-07	5.19030e-02	
8.60909e-07	-5.89639e-02	
8.63267e-07	-1.70352e-01	
8.65626e-07	-2.77787e-01	
8.67985e-07	-3.79299e-01	
8.70343e-07	-4.75822e-01	
8.72702e-07	-5.66486e-01	
8.75061e-07	-6.47536e-01	
8.77419e-07	-7.16799e-01	
8.79778e-07	-7.75210e-01	
8.82137e-07	-8.23143e-01	
8.84495e-07	-8.58159e-01	
8.86854e-07	-8.78226e-01	
8.89213e-07	-8.84480e-01	
8.91571e-07	-8.78488e-01	
8.93930e-07	-8.59420e-01	
8.96289e-07	-8.25473e-01	
8.98647e-07	-7.77827e-01	
9.01006e-07	-7.19160e-01	
9.03365e-07	-6.49963e-01	
9.05723e-07	-5.69117e-01	
9.08082e-07	-4.77722e-01	
9.10441e-07	-3.79698e-01	
9.12799e-07	-2.77084e-01	
9.15158e-07	-1.69360e-01	
9.17517e-07	-5.78168e-02	
9.19875e-07	5.34869e-02	
9.22234e-07	1.61921e-01	
9.24593e-07	2.68120e-01	
9.26951e-07	3.72007e-01	
9.29310e-07	4.69858e-01	
9.31668e-07	5.58983e-01	
9.34027e-07	6.40032e-01	
9.36386e-07	7.12842e-01	
9.38744e-07	7.74566e-01	
9.41103e-07	8.22329e-01	
