#$t$ (s)	$E_x$ (V/m)	(600,40)	(600,60)	
0.00000e+00	0.00000e+00	0.00000e+00	
2.35865e-09	0.00000e+00	0.00000e+00	
4.71731e-09	0.00000e+00	0.00000e+00	
7.07596e-09	0.00000e+00	0.00000e+00	
9.43462e-09	0.00000e+00	0.00000e+00	
1.17933e-08	0.00000e+00	0.00000e+00	
1.41519e-08	0.00000e+00	0.00000e+00	
1.65106e-08	0.00000e+00	0.00000e+00	
1.88692e-08	0.00000e+00	0.00000e+00	
2.12279e-08	0.00000e+00	0.00000e+00	
2.35865e-08	0.00000e+00	0.00000e+00	
2.59452e-08	0.00000e+00	0.00000e+00	
2.83039e-08	0.00000e+00	0.00000e+00	
3.06625e-08	0.00000e+00	0.00000e+00	
3.30212e-08	0.00000e+00	0.00000e+00	
3.53798e-08	0.00000e+00	0.00000e+00	
3.77385e-08	0.00000e+00	0.00000e+00	
4.00971e-08	0.00000e+00	0.00000e+00	
4.24558e-08	0.00000e+00	0.00000e+00	
4.48144e-08	0.00000e+00	0.00000e+00	
4.71731e-08	0.00000e+00	0.00000e+00	
4.95317e-08	0.00000e+00	0.00000e+00	
5.18904e-08	0.00000e+00	0.00000e+00	
5.42490e-08	0.00000e+00	0.00000e+00	
5.66077e-08	0.00000e+00	0.00000e+00	
5.89664e-08	0.00000e+00	0.00000e+00	
6.13250e-08	0.00000e+00	0.00000e+00	
6.36837e-08	0.00000e+00	0.00000e+00	
6.60423e-08	0.00000e+00	0.00000e+00	
6.84010e-08	0.00000e+00	0.00000e+00	
7.07596e-08	0.00000e+00	0.00000e+00	
7.31183e-08	0.00000e+00	0.00000e+00	
7.54769e-08	0.00000e+00	0.00000e+00	
7.78356e-08	0.00000e+00	0.00000e+00	
8.01942e-08	0.00000e+00	0.00000e+00	
8.25529e-08	0.00000e+00	0.00000e+00	
8.49116e-08	0.00000e+00	0.00000e+00	
8.72702e-08	0.00000e+00	0.00000e+00	
8.96289e-08	0.00000e+00	0.00000e+00	
9.19875e-08	0.00000e+00	0.00000e+00	
9.43462e-08	0.00000e+00	0.00000e+00	
9.67048e-08	0.00000e+00	0.00000e+00	
9.90635e-08	0.00000e+00	0.00000e+00	
1.01422e-07	0.00000e+00	0.00000e+00	
1.03781e-07	0.00000e+00	0.00000e+00	
1.06139e-07	0.00000e+00	0.00000e+00	
1.08498e-07	0.00000e+00	0.00000e+00	
1.10857e-07	0.00000e+00	0.00000e+00	
1.13215e-07	0.00000e+00	0.00000e+00	
1.15574e-07	0.00000e+00	0.00000e+00	
1.17933e-07	0.00000e+00	0.00000e+00	
1.20291e-07	0.00000e+00	0.00000e+00	
1.22650e-07	0.00000e+00	0.00000e+00	
1.25009e-07	0.00000e+00	0.00000e+00	
1.27367e-07	0.00000e+00	0.00000e+00	
1.29726e-07	0.00000e+00	0.00000e+00	
1.32085e-07	0.00000e+00	0.00000e+00	
1.34443e-07	0.00000e+00	0.00000e+00	
1.36802e-07	0.00000e+00	0.00000e+00	
1.39161e-07	0.00000e+00	0.00000e+00	
1.41519e-07	0.00000e+00	0.00000e+00	
1.43878e-07	0.00000e+00	0.00000e+00	
1.46237e-07	0.00000e+00	0.00000e+00	
1.48595e-07	0.00000e+00	0.00000e+00	
1.50954e-07	0.00000e+00	0.00000e+00	
1.53313e-07	0.00000e+00	0.00000e+00	
1.55671e-07	0.00000e+00	0.00000e+00	
1.58030e-07	0.00000e+00	0.00000e+00	
1.60388e-07	0.00000e+00	0.00000e+00	
1.62747e-07	0.00000e+00	0.00000e+00	
1.65106e-07	0.00000e+00	0.00000e+00	
1.67464e-07	0.00000e+00	0.00000e+00	
1.69823e-07	0.00000e+00	0.00000e+00	
1.72182e-07	0.00000e+00	0.00000e+00	
1.74540e-07	0.00000e+00	0.00000e+00	
1.76899e-07	0.00000e+00	0.00000e+00	
1.79258e-07	0.00000e+00	0.00000e+00	
1.81616e-07	0.00000e+00	0.00000e+00	
1.83975e-07	0.00000e+00	0.00000e+00	
1.86334e-07	0.00000e+00	0.00000e+00	
1.88692e-07	0.00000e+00	0.00000e+00	
1.91051e-07	0.00000e+00	0.00000e+00	
1.93410e-07	0.00000e+00	0.00000e+00	
1.95768e-07	0.00000e+00	0.00000e+00	
1.98127e-07	0.00000e+00	0.00000e+00	
2.00486e-07	0.00000e+00	0.00000e+00	
2.02844e-07	0.00000e+00	0.00000e+00	
2.05203e-07	0.00000e+00	0.00000e+00	
2.07562e-07	0.00000e+00	0.00000e+00	
2.09920e-07	0.00000e+00	0.00000e+00	
2.12279e-07	0.00000e+00	0.00000e+00	
2.14638e-07	0.00000e+00	0.00000e+00	
2.16996e-07	0.00000e+00	0.00000e+00	
2.19355e-07	0.00000e+00	0.00000e+00	
2.21714e-07	0.00000e+00	0.00000e+00	
2.24072e-07	0.00000e+00	0.00000e+00	
2.26431e-07	0.00000e+00	0.00000e+00	
2.28789e-07	0.00000e+00	0.00000e+00	
2.31148e-07	0.00000e+00	0.00000e+00	
2.33507e-07	0.00000e+00	0.00000e+00	
2.35865e-07	0.00000e+00	0.00000e+00	
2.38224e-07	0.00000e+00	0.00000e+00	
2.40583e-07	0.00000e+00	0.00000e+00	
2.42941e-07	0.00000e+00	0.00000e+00	
2.45300e-07	0.00000e+00	0.00000e+00	
2.47659e-07	0.00000e+00	0.00000e+00	
2.50017e-07	0.00000e+00	0.00000e+00	
2.52376e-07	0.00000e+00	0.00000e+00	
2.54735e-07	0.00000e+00	0.00000e+00	
2.57093e-07	0.00000e+00	0.00000e+00	
2.59452e-07	0.00000e+00	0.00000e+00	
2.61811e-07	0.00000e+00	0.00000e+00	
2.64169e-07	0.00000e+00	0.00000e+00	
2.66528e-07	0.00000e+00	0.00000e+00	
2.68887e-07	0.00000e+00	0.00000e+00	
2.71245e-07	0.00000e+00	0.00000e+00	
2.73604e-07	0.00000e+00	0.00000e+00	
2.75963e-07	0.00000e+00	0.00000e+00	
2.78321e-07	0.00000e+00	0.00000e+00	
2.80680e-07	0.00000e+00	0.00000e+00	
2.83039e-07	0.00000e+00	0.00000e+00	
2.85397e-07	0.00000e+00	0.00000e+00	
2.87756e-07	0.00000e+00	0.00000e+00	
2.90114e-07	0.00000e+00	0.00000e+00	
2.92473e-07	0.00000e+00	0.00000e+00	
2.94832e-07	0.00000e+00	0.00000e+00	
2.97190e-07	0.00000e+00	0.00000e+00	
2.99549e-07	0.00000e+00	0.00000e+00	
3.01908e-07	0.00000e+00	0.00000e+00	
3.04266e-07	0.00000e+00	0.00000e+00	
3.06625e-07	0.00000e+00	0.00000e+00	
3.08984e-07	0.00000e+00	0.00000e+00	
3.11342e-07	0.00000e+00	0.00000e+00	
3.13701e-07	0.00000e+00	0.00000e+00	
3.16060e-07	0.00000e+00	0.00000e+00	
3.18418e-07	0.00000e+00	0.00000e+00	
3.20777e-07	0.00000e+00	0.00000e+00	
3.23136e-07	0.00000e+00	0.00000e+00	
3.25494e-07	0.00000e+00	0.00000e+00	
3.27853e-07	0.00000e+00	0.00000e+00	
3.30212e-07	0.00000e+00	0.00000e+00	
3.32570e-07	0.00000e+00	0.00000e+00	
3.34929e-07	0.00000e+00	0.00000e+00	
3.37288e-07	0.00000e+00	0.00000e+00	
3.39646e-07	0.00000e+00	0.00000e+00	
3.42005e-07	0.00000e+00	0.00000e+00	
3.44364e-07	0.00000e+00	0.00000e+00	
3.46722e-07	0.00000e+00	0.00000e+00	
3.49081e-07	0.00000e+00	0.00000e+00	
3.51439e-07	0.00000e+00	0.00000e+00	
3.53798e-07	0.00000e+00	0.00000e+00	
3.56157e-07	0.00000e+00	0.00000e+00	
3.58515e-07	0.00000e+00	0.00000e+00	
3.60874e-07	0.00000e+00	0.00000e+00	
3.63233e-07	0.00000e+00	0.00000e+00	
3.65591e-07	0.00000e+00	0.00000e+00	
3.67950e-07	0.00000e+00	0.00000e+00	
3.70309e-07	0.00000e+00	0.00000e+00	
3.72667e-07	0.00000e+00	0.00000e+00	
3.75026e-07	0.00000e+00	0.00000e+00	
3.77385e-07	0.00000e+00	0.00000e+00	
3.79743e-07	0.00000e+00	0.00000e+00	
3.82102e-07	0.00000e+00	0.00000e+00	
3.84461e-07	0.00000e+00	0.00000e+00	
3.86819e-07	0.00000e+00	0.00000e+00	
3.89178e-07	0.00000e+00	0.00000e+00	
3.91537e-07	0.00000e+00	0.00000e+00	
3.93895e-07	0.00000e+00	0.00000e+00	
3.96254e-07	0.00000e+00	0.00000e+00	
3.98613e-07	0.00000e+00	0.00000e+00	
4.00971e-07	0.00000e+00	0.00000e+00	
4.03330e-07	0.00000e+00	0.00000e+00	
4.05689e-07	0.00000e+00	0.00000e+00	
4.08047e-07	0.00000e+00	0.00000e+00	
4.10406e-07	0.00000e+00	0.00000e+00	
4.12765e-07	0.00000e+00	0.00000e+00	
4.15123e-07	0.00000e+00	0.00000e+00	
4.17482e-07	0.00000e+00	0.00000e+00	
4.19840e-07	0.00000e+00	0.00000e+00	
4.22199e-07	0.00000e+00	0.00000e+00	
4.24558e-07	0.00000e+00	0.00000e+00	
4.26916e-07	0.00000e+00	0.00000e+00	
4.29275e-07	0.00000e+00	0.00000e+00	
4.31634e-07	0.00000e+00	0.00000e+00	
4.33992e-07	0.00000e+00	0.00000e+00	
4.36351e-07	0.00000e+00	0.00000e+00	
4.38710e-07	0.00000e+00	0.00000e+00	
4.41068e-07	0.00000e+00	0.00000e+00	
4.43427e-07	0.00000e+00	0.00000e+00	
4.45786e-07	0.00000e+00	0.00000e+00	
4.48144e-07	0.00000e+00	0.00000e+00	
4.50503e-07	0.00000e+00	0.00000e+00	
4.52862e-07	0.00000e+00	0.00000e+00	
4.55220e-07	0.00000e+00	0.00000e+00	
4.57579e-07	0.00000e+00	0.00000e+00	
4.59938e-07	0.00000e+00	0.00000e+00	
4.62296e-07	0.00000e+00	0.00000e+00	
4.64655e-07	0.00000e+00	0.00000e+00	
4.67014e-07	0.00000e+00	0.00000e+00	
4.69372e-07	0.00000e+00	0.00000e+00	
4.71731e-07	0.00000e+00	0.00000e+00	
4.74090e-07	0.00000e+00	0.00000e+00	
4.76448e-07	0.00000e+00	0.00000e+00	
4.78807e-07	0.00000e+00	0.00000e+00	
4.81165e-07	0.00000e+00	0.00000e+00	
4.83524e-07	0.00000e+00	0.00000e+00	
4.85883e-07	0.00000e+00	0.00000e+00	
4.88241e-07	0.00000e+00	0.00000e+00	
4.90600e-07	0.00000e+00	0.00000e+00	
4.92959e-07	0.00000e+00	0.00000e+00	
4.95317e-07	0.00000e+00	0.00000e+00	
4.97676e-07	0.00000e+00	0.00000e+00	
5.00035e-07	0.00000e+00	0.00000e+00	
5.02393e-07	0.00000e+00	0.00000e+00	
5.04752e-07	0.00000e+00	0.00000e+00	
5.07111e-07	0.00000e+00	0.00000e+00	
5.09469e-07	0.00000e+00	0.00000e+00	
5.11828e-07	0.00000e+00	0.00000e+00	
5.14187e-07	0.00000e+00	0.00000e+00	
5.16545e-07	0.00000e+00	0.00000e+00	
5.18904e-07	0.00000e+00	0.00000e+00	
5.21263e-07	0.00000e+00	0.00000e+00	
5.23621e-07	0.00000e+00	0.00000e+00	
5.25980e-07	0.00000e+00	0.00000e+00	
5.28339e-07	0.00000e+00	0.00000e+00	
5.30697e-07	0.00000e+00	0.00000e+00	
5.33056e-07	0.00000e+00	0.00000e+00	
5.35415e-07	0.00000e+00	0.00000e+00	
5.37773e-07	0.00000e+00	0.00000e+00	
5.40132e-07	0.00000e+00	0.00000e+00	
5.42490e-07	0.00000e+00	0.00000e+00	
5.44849e-07	0.00000e+00	0.00000e+00	
5.47208e-07	0.00000e+00	0.00000e+00	
5.49566e-07	0.00000e+00	0.00000e+00	
5.51925e-07	0.00000e+00	0.00000e+00	
5.54284e-07	0.00000e+00	0.00000e+00	
5.56642e-07	0.00000e+00	0.00000e+00	
5.59001e-07	0.00000e+00	0.00000e+00	
5.61360e-07	0.00000e+00	0.00000e+00	
5.63718e-07	0.00000e+00	0.00000e+00	
5.66077e-07	0.00000e+00	0.00000e+00	
5.68436e-07	0.00000e+00	0.00000e+00	
5.70794e-07	0.00000e+00	0.00000e+00	
5.73153e-07	0.00000e+00	0.00000e+00	
5.75512e-07	0.00000e+00	0.00000e+00	
5.77870e-07	0.00000e+00	0.00000e+00	
5.80229e-07	0.00000e+00	0.00000e+00	
5.82588e-07	0.00000e+00	0.00000e+00	
5.84946e-07	0.00000e+00	0.00000e+00	
5.87305e-07	0.00000e+00	0.00000e+00	
5.89664e-07	0.00000e+00	0.00000e+00	
5.92022e-07	0.00000e+00	0.00000e+00	
5.94381e-07	0.00000e+00	0.00000e+00	
5.96740e-07	0.00000e+00	0.00000e+00	
5.99098e-07	0.00000e+00	0.00000e+00	
6.01457e-07	0.00000e+00	0.00000e+00	
6.03816e-07	0.00000e+00	0.00000e+00	
6.06174e-07	0.00000e+00	0.00000e+00	
6.08533e-07	0.00000e+00	0.00000e+00	
6.10891e-07	0.00000e+00	0.00000e+00	
6.13250e-07	0.00000e+00	0.00000e+00	
6.15609e-07	0.00000e+00	0.00000e+00	
6.17967e-07	0.00000e+00	0.00000e+00	
6.20326e-07	0.00000e+00	0.00000e+00	
6.22685e-07	0.00000e+00	0.00000e+00	
6.25043e-07	0.00000e+00	0.00000e+00	
6.27402e-07	0.00000e+00	0.00000e+00	
6.29761e-07	0.00000e+00	0.00000e+00	
6.32119e-07	0.00000e+00	0.00000e+00	
6.34478e-07	0.00000e+00	0.00000e+00	
6.36837e-07	0.00000e+00	0.00000e+00	
6.39195e-07	0.00000e+00	0.00000e+00	
6.41554e-07	0.00000e+00	0.00000e+00	
6.43913e-07	0.00000e+00	0.00000e+00	
6.46271e-07	0.00000e+00	0.00000e+00	
6.48630e-07	0.00000e+00	0.00000e+00	
6.50989e-07	0.00000e+00	0.00000e+00	
6.53347e-07	0.00000e+00	0.00000e+00	
6.55706e-07	0.00000e+00	0.00000e+00	
6.58065e-07	0.00000e+00	0.00000e+00	
6.60423e-07	0.00000e+00	0.00000e+00	
6.62782e-07	0.00000e+00	0.00000e+00	
6.65141e-07	0.00000e+00	0.00000e+00	
6.67499e-07	0.00000e+00	0.00000e+00	
6.69858e-07	0.00000e+00	0.00000e+00	
6.72216e-07	0.00000e+00	0.00000e+00	
6.74575e-07	0.00000e+00	0.00000e+00	
6.76934e-07	0.00000e+00	0.00000e+00	
6.79292e-07	0.00000e+00	0.00000e+00	
6.81651e-07	0.00000e+00	0.00000e+00	
6.84010e-07	0.00000e+00	0.00000e+00	
6.86368e-07	0.00000e+00	0.00000e+00	
6.88727e-07	0.00000e+00	0.00000e+00	
6.91086e-07	0.00000e+00	0.00000e+00	
6.93444e-07	0.00000e+00	0.00000e+00	
6.95803e-07	0.00000e+00	0.00000e+00	
6.98162e-07	0.00000e+00	0.00000e+00	
7.00520e-07	0.00000e+00	0.00000e+00	
7.02879e-07	0.00000e+00	0.00000e+00	
7.05238e-07	0.00000e+00	0.00000e+00	
7.07596e-07	0.00000e+00	0.00000e+00	
7.09955e-07	0.00000e+00	0.00000e+00	
7.12314e-07	0.00000e+00	0.00000e+00	
7.14672e-07	0.00000e+00	0.00000e+00	
7.17031e-07	0.00000e+00	0.00000e+00	
7.19390e-07	0.00000e+00	0.00000e+00	
7.21748e-07	0.00000e+00	0.00000e+00	
7.24107e-07	0.00000e+00	0.00000e+00	
7.26466e-07	0.00000e+00	0.00000e+00	
7.28824e-07	0.00000e+00	0.00000e+00	
7.31183e-07	0.00000e+00	0.00000e+00	
7.33541e-07	0.00000e+00	0.00000e+00	
7.35900e-07	0.00000e+00	0.00000e+00	
7.38259e-07	0.00000e+00	0.00000e+00	
7.40617e-07	0.00000e+00	0.00000e+00	
7.42976e-07	0.00000e+00	0.00000e+00	
7.45335e-07	0.00000e+00	0.00000e+00	
7.47693e-07	0.00000e+00	0.00000e+00	
7.50052e-07	0.00000e+00	0.00000e+00	
7.52411e-07	0.00000e+00	0.00000e+00	
7.54769e-07	0.00000e+00	0.00000e+00	
7.57128e-07	0.00000e+00	0.00000e+00	
7.59487e-07	0.00000e+00	0.00000e+00	
7.61845e-07	0.00000e+00	0.00000e+00	
7.64204e-07	0.00000e+00	0.00000e+00	
7.66563e-07	0.00000e+00	0.00000e+00	
7.68921e-07	0.00000e+00	0.00000e+00	
7.71280e-07	0.00000e+00	0.00000e+00	
7.73639e-07	0.00000e+00	0.00000e+00	
7.75997e-07	0.00000e+00	0.00000e+00	
7.78356e-07	0.00000e+00	0.00000e+00	
7.80715e-07	0.00000e+00	0.00000e+00	
7.83073e-07	0.00000e+00	0.00000e+00	
7.85432e-07	0.00000e+00	0.00000e+00	
7.87791e-07	0.00000e+00	0.00000e+00	
7.90149e-07	0.00000e+00	0.00000e+00	
7.92508e-07	0.00000e+00	0.00000e+00	
7.94867e-07	0.00000e+00	0.00000e+00	
7.97225e-07	0.00000e+00	0.00000e+00	
7.99584e-07	0.00000e+00	0.00000e+00	
8.01942e-07	0.00000e+00	0.00000e+00	
8.04301e-07	0.00000e+00	0.00000e+00	
8.06660e-07	0.00000e+00	0.00000e+00	
8.09018e-07	0.00000e+00	0.00000e+00	
8.11377e-07	0.00000e+00	0.00000e+00	
8.13736e-07	0.00000e+00	0.00000e+00	
8.16094e-07	0.00000e+00	0.00000e+00	
8.18453e-07	0.00000e+00	0.00000e+00	
8.20812e-07	0.00000e+00	0.00000e+00	
8.23170e-07	0.00000e+00	0.00000e+00	
8.25529e-07	0.00000e+00	0.00000e+00	
8.27888e-07	0.00000e+00	0.00000e+00	
8.30246e-07	0.00000e+00	0.00000e+00	
8.32605e-07	0.00000e+00	0.00000e+00	
8.34964e-07	0.00000e+00	0.00000e+00	
8.37322e-07	0.00000e+00	0.00000e+00	
8.39681e-07	0.00000e+00	0.00000e+00	
8.42040e-07	0.00000e+00	0.00000e+00	
8.44398e-07	0.00000e+00	0.00000e+00	
8.46757e-07	0.00000e+00	0.00000e+00	
8.49116e-07	0.00000e+00	0.00000e+00	
8.51474e-07	0.00000e+00	0.00000e+00	
8.53833e-07	0.00000e+00	0.00000e+00	
8.56192e-07	0.00000e+00	0.00000e+00	
8.58550e-07	0.00000e+00	0.00000e+00	
8.60909e-07	0.00000e+00	0.00000e+00	
8.63267e-07	0.00000e+00	0.00000e+00	
8.65626e-07	0.00000e+00	0.00000e+00	
8.67985e-07	0.00000e+00	0.00000e+00	
8.70343e-07	0.00000e+00	0.00000e+00	
8.72702e-07	0.00000e+00	0.00000e+00	
8.75061e-07	0.00000e+00	0.00000e+00	
8.77419e-07	0.00000e+00	0.00000e+00	
8.79778e-07	0.00000e+00	0.00000e+00	
8.82137e-07	0.00000e+00	0.00000e+00	
8.84495e-07	0.00000e+00	0.00000e+00	
8.86854e-07	0.00000e+00	0.00000e+00	
8.89213e-07	0.00000e+00	0.00000e+00	
8.91571e-07	0.00000e+00	0.00000e+00	
8.93930e-07	0.00000e+00	0.00000e+00	
8.96289e-07	0.00000e+00	0.00000e+00	
8.98647e-07	0.00000e+00	0.00000e+00	
9.01006e-07	0.00000e+00	0.00000e+00	
9.03365e-07	0.00000e+00	0.00000e+00	
9.05723e-07	0.00000e+00	0.00000e+00	
9.08082e-07	0.00000e+00	0.00000e+00	
9.10441e-07	0.00000e+00	0.00000e+00	
9.12799e-07	0.00000e+00	0.00000e+00	
9.15158e-07	0.00000e+00	0.00000e+00	
9.17517e-07	0.00000e+00	0.00000e+00	
9.19875e-07	0.00000e+00	0.00000e+00	
9.22234e-07	0.00000e+00	0.00000e+00	
9.24593e-07	0.00000e+00	0.00000e+00	
9.26951e-07	0.00000e+00	0.00000e+00	
9.29310e-07	0.00000e+00	0.00000e+00	
9.31668e-07	0.00000e+00	0.00000e+00	
9.34027e-07	0.00000e+00	0.00000e+00	
9.36386e-07	0.00000e+00	0.00000e+00	
9.38744e-07	0.00000e+00	0.00000e+00	
9.41103e-07	0.00000e+00	0.00000e+00	
9.43462e-07	0.00000e+00	0.00000e+00	
9.45820e-07	0.00000e+00	0.00000e+00	
9.48179e-07	0.00000e+00	0.00000e+00	
9.50538e-07	0.00000e+00	0.00000e+00	
9.52896e-07	0.00000e+00	0.00000e+00	
9.55255e-07	0.00000e+00	0.00000e+00	
9.57614e-07	0.00000e+00	0.00000e+00	
9.59972e-07	0.00000e+00	0.00000e+00	
9.62331e-07	0.00000e+00	0.00000e+00	
9.64690e-07	0.00000e+00	0.00000e+00	
9.67048e-07	0.00000e+00	0.00000e+00	
9.69407e-07	0.00000e+00	0.00000e+00	
9.71766e-07	0.00000e+00	0.00000e+00	
9.74124e-07	0.00000e+00	0.00000e+00	
9.76483e-07	0.00000e+00	0.00000e+00	
9.78842e-07	0.00000e+00	0.00000e+00	
9.81200e-07	0.00000e+00	0.00000e+00	
9.83559e-07	0.00000e+00	0.00000e+00	
9.85918e-07	0.00000e+00	0.00000e+00	
9.88276e-07	0.00000e+00	0.00000e+00	
9.90635e-07	0.00000e+00	0.00000e+00	
9.92993e-07	0.00000e+00	0.00000e+00	
9.95352e-07	0.00000e+00	0.00000e+00	
9.97711e-07	0.00000e+00	0.00000e+00	
1.00007e-06	0.00000e+00	0.00000e+00	
1.00243e-06	0.00000e+00	0.00000e+00	
1.00479e-06	0.00000e+00	0.00000e+00	
1.00715e-06	0.00000e+00	0.00000e+00	
1.00950e-06	0.00000e+00	0.00000e+00	
1.01186e-06	0.00000e+00	0.00000e+00	
1.01422e-06	0.00000e+00	0.00000e+00	
1.01658e-06	0.00000e+00	0.00000e+00	
1.01894e-06	0.00000e+00	0.00000e+00	
1.02130e-06	0.00000e+00	0.00000e+00	
1.02366e-06	0.00000e+00	0.00000e+00	
1.02601e-06	0.00000e+00	0.00000e+00	
1.02837e-06	0.00000e+00	0.00000e+00	
1.03073e-06	0.00000e+00	0.00000e+00	
1.03309e-06	0.00000e+00	0.00000e+00	
1.03545e-06	0.00000e+00	0.00000e+00	
1.03781e-06	0.00000e+00	0.00000e+00	
1.04017e-06	0.00000e+00	0.00000e+00	
1.04253e-06	0.00000e+00	0.00000e+00	
1.04488e-06	0.00000e+00	0.00000e+00	
1.04724e-06	0.00000e+00	0.00000e+00	
1.04960e-06	0.00000e+00	0.00000e+00	
1.05196e-06	0.00000e+00	0.00000e+00	
1.05432e-06	0.00000e+00	0.00000e+00	
1.05668e-06	0.00000e+00	0.00000e+00	
1.05904e-06	0.00000e+00	0.00000e+00	
1.06139e-06	0.00000e+00	0.00000e+00	
1.06375e-06	0.00000e+00	0.00000e+00	
1.06611e-06	0.00000e+00	0.00000e+00	
1.06847e-06	0.00000e+00	0.00000e+00	
1.07083e-06	0.00000e+00	0.00000e+00	
1.07319e-06	0.00000e+00	0.00000e+00	
1.07555e-06	0.00000e+00	0.00000e+00	
1.07791e-06	0.00000e+00	0.00000e+00	
1.08026e-06	0.00000e+00	0.00000e+00	
1.08262e-06	0.00000e+00	0.00000e+00	
1.08498e-06	0.00000e+00	0.00000e+00	
1.08734e-06	0.00000e+00	0.00000e+00	
1.08970e-06	0.00000e+00	0.00000e+00	
1.09206e-06	0.00000e+00	0.00000e+00	
1.09442e-06	0.00000e+00	0.00000e+00	
1.09677e-06	0.00000e+00	0.00000e+00	
1.09913e-06	0.00000e+00	0.00000e+00	
1.10149e-06	0.00000e+00	0.00000e+00	
1.10385e-06	0.00000e+00	0.00000e+00	
1.10621e-06	0.00000e+00	0.00000e+00	
1.10857e-06	0.00000e+00	0.00000e+00	
1.11093e-06	0.00000e+00	0.00000e+00	
1.11328e-06	0.00000e+00	0.00000e+00	
1.11564e-06	0.00000e+00	0.00000e+00	
1.11800e-06	0.00000e+00	0.00000e+00	
1.12036e-06	0.00000e+00	0.00000e+00	
1.12272e-06	0.00000e+00	0.00000e+00	
1.12508e-06	0.00000e+00	0.00000e+00	
1.12744e-06	0.00000e+00	0.00000e+00	
1.12980e-06	0.00000e+00	0.00000e+00	
1.13215e-06	0.00000e+00	0.00000e+00	
1.13451e-06	0.00000e+00	0.00000e+00	
1.13687e-06	0.00000e+00	0.00000e+00	
1.13923e-06	0.00000e+00	0.00000e+00	
1.14159e-06	0.00000e+00	0.00000e+00	
1.14395e-06	0.00000e+00	0.00000e+00	
1.14631e-06	0.00000e+00	0.00000e+00	
1.14866e-06	0.00000e+00	0.00000e+00	
1.15102e-06	0.00000e+00	0.00000e+00	
1.15338e-06	0.00000e+00	0.00000e+00	
1.15574e-06	0.00000e+00	0.00000e+00	
1.15810e-06	0.00000e+00	0.00000e+00	
1.16046e-06	0.00000e+00	0.00000e+00	
1.16282e-06	0.00000e+00	0.00000e+00	
1.16518e-06	0.00000e+00	0.00000e+00	
1.16753e-06	0.00000e+00	0.00000e+00	
1.16989e-06	0.00000e+00	0.00000e+00	
1.17225e-06	0.00000e+00	0.00000e+00	
1.17461e-06	0.00000e+00	0.00000e+00	
1.17697e-06	0.00000e+00	0.00000e+00	
1.17933e-06	0.00000e+00	0.00000e+00	
1.18169e-06	0.00000e+00	0.00000e+00	
1.18404e-06	0.00000e+00	0.00000e+00	
1.18640e-06	0.00000e+00	0.00000e+00	
1.18876e-06	0.00000e+00	0.00000e+00	
1.19112e-06	0.00000e+00	0.00000e+00	
1.19348e-06	0.00000e+00	0.00000e+00	
1.19584e-06	0.00000e+00	0.00000e+00	
1.19820e-06	0.00000e+00	0.00000e+00	
1.20056e-06	0.00000e+00	0.00000e+00	
1.20291e-06	0.00000e+00	0.00000e+00	
1.20527e-06	0.00000e+00	0.00000e+00	
1.20763e-06	0.00000e+00	0.00000e+00	
1.20999e-06	0.00000e+00	0.00000e+00	
1.21235e-06	0.00000e+00	0.00000e+00	
1.21471e-06	0.00000e+00	0.00000e+00	
1.21707e-06	0.00000e+00	0.00000e+00	
1.21942e-06	0.00000e+00	0.00000e+00	
1.22178e-06	0.00000e+00	0.00000e+00	
1.22414e-06	0.00000e+00	0.00000e+00	
1.22650e-06	0.00000e+00	0.00000e+00	
1.22886e-06	0.00000e+00	0.00000e+00	
1.23122e-06	0.00000e+00	0.00000e+00	
1.23358e-06	0.00000e+00	0.00000e+00	
1.23593e-06	0.00000e+00	0.00000e+00	
1.23829e-06	0.00000e+00	0.00000e+00	
1.24065e-06	0.00000e+00	0.00000e+00	
1.24301e-06	0.00000e+00	0.00000e+00	
1.24537e-06	0.00000e+00	0.00000e+00	
1.24773e-06	0.00000e+00	0.00000e+00	
1.25009e-06	0.00000e+00	0.00000e+00	
1.25245e-06	0.00000e+00	0.00000e+00	
1.25480e-06	0.00000e+00	0.00000e+00	
1.25716e-06	0.00000e+00	0.00000e+00	
1.25952e-06	0.00000e+00	0.00000e+00	
1.26188e-06	0.00000e+00	0.00000e+00	
1.26424e-06	0.00000e+00	0.00000e+00	
1.26660e-06	0.00000e+00	0.00000e+00	
1.26896e-06	0.00000e+00	0.00000e+00	
1.27131e-06	0.00000e+00	0.00000e+00	
1.27367e-06	0.00000e+00	0.00000e+00	
1.27603e-06	0.00000e+00	0.00000e+00	
1.27839e-06	0.00000e+00	0.00000e+00	
1.28075e-06	0.00000e+00	0.00000e+00	
1.28311e-06	0.00000e+00	0.00000e+00	
1.28547e-06	0.00000e+00	0.00000e+00	
1.28783e-06	0.00000e+00	0.00000e+00	
1.29018e-06	0.00000e+00	0.00000e+00	
1.29254e-06	0.00000e+00	0.00000e+00	
1.29490e-06	0.00000e+00	0.00000e+00	
1.29726e-06	0.00000e+00	0.00000e+00	
1.29962e-06	0.00000e+00	0.00000e+00	
1.30198e-06	0.00000e+00	0.00000e+00	
1.30434e-06	0.00000e+00	0.00000e+00	
1.30669e-06	0.00000e+00	0.00000e+00	
1.30905e-06	0.00000e+00	0.00000e+00	
1.31141e-06	0.00000e+00	0.00000e+00	
1.31377e-06	0.00000e+00	0.00000e+00	
1.31613e-06	0.00000e+00	0.00000e+00	
1.31849e-06	0.00000e+00	0.00000e+00	
1.32085e-06	0.00000e+00	0.00000e+00	
1.32321e-06	0.00000e+00	0.00000e+00	
1.32556e-06	-1.99897e-154	-5.40527e-174	
1.32792e-06	-7.36766e-152	-2.89129e-171	
1.33028e-06	-1.37254e-149	-7.81346e-169	
1.33264e-06	-1.72241e-147	-1.41707e-166	
1.33500e-06	-1.63726e-145	-1.93611e-164	
1.33736e-06	-1.25692e-143	-2.12268e-162	
1.33972e-06	-8.11403e-142	-1.94354e-160	
1.34207e-06	-4.52854e-140	-1.52765e-158	
1.34443e-06	-2.22968e-138	-1.05182e-156	
1.34679e-06	-9.83459e-137	-6.44224e-155	
1.34915e-06	-3.93300e-135	-3.55304e-153	
1.35151e-06	-1.43996e-133	-1.78201e-151	
1.35387e-06	-4.86500e-132	-8.19409e-150	
1.35623e-06	-1.52687e-130	-3.47812e-148	
1.35858e-06	-4.47657e-129	-1.37079e-146	
1.36094e-06	-1.23197e-127	-5.04154e-145	
1.36330e-06	-3.19574e-126	-1.73789e-143	
1.36566e-06	-7.84224e-125	-5.63659e-142	
1.36802e-06	-1.82640e-123	-1.72595e-140	
1.37038e-06	-4.04828e-122	-5.00467e-139	
1.37274e-06	-8.56193e-121	-1.37799e-137	
1.37510e-06	-1.73169e-119	-3.61164e-136	
1.37745e-06	-3.35654e-118	-9.03078e-135	
1.37981e-06	-6.24573e-117	-2.15869e-133	
1.38217e-06	-1.11784e-115	-4.94205e-132	
1.38453e-06	-1.92667e-114	-1.08547e-130	
1.38689e-06	-3.20404e-113	-2.29092e-129	
1.38925e-06	-5.14419e-112	-4.65277e-128	
1.39161e-06	-7.99106e-111	-9.10565e-127	
1.39396e-06	-1.20088e-109	-1.71931e-125	
1.39632e-06	-1.75049e-108	-3.13578e-124	
1.39868e-06	-2.47245e-107	-5.53048e-123	
1.40104e-06	-3.39524e-106	-9.44169e-122	
1.40340e-06	-4.52337e-105	-1.56179e-120	
1.40576e-06	-5.87206e-104	-2.50538e-119	
1.40812e-06	-7.40237e-103	-3.90097e-118	
1.41048e-06	-9.11185e-102	-5.90019e-117	
1.41283e-06	-1.08989e-100	-8.67530e-116	
1.41519e-06	-1.27556e-99	-1.24090e-114	
1.41755e-06	-1.45127e-98	-1.72791e-113	
1.41991e-06	-1.61884e-97	-2.34378e-112	
1.42227e-06	-1.75585e-96	-3.09876e-111	
1.42463e-06	-1.87078e-95	-3.99566e-110	
1.42699e-06	-1.93828e-94	-5.02758e-109	
1.42934e-06	-1.97644e-93	-6.17632e-108	
1.43170e-06	-1.95966e-92	-7.41174e-107	
1.43406e-06	-1.91582e-91	-8.69239e-106	
1.43642e-06	-1.82087e-90	-9.96754e-105	
1.43878e-06	-1.70948e-89	-1.11804e-103	
1.44114e-06	-1.55985e-88	-1.22725e-102	
1.44350e-06	-1.40838e-87	-1.31883e-101	
1.44586e-06	-1.23551e-86	-1.38802e-100	
1.44821e-06	-1.07430e-85	-1.43125e-99	
1.45057e-06	-9.07255e-85	-1.44645e-98	
1.45293e-06	-7.60660e-84	-1.43321e-97	
1.45529e-06	-6.19152e-83	-1.39278e-96	
1.45765e-06	-5.01119e-82	-1.32787e-95	
1.46001e-06	-3.93586e-81	-1.24241e-94	
1.46237e-06	-3.07841e-80	-1.14115e-93	
1.46472e-06	-2.33547e-79	-1.02922e-92	
1.46708e-06	-1.76698e-78	-9.11776e-92	
1.46944e-06	-1.29616e-77	-7.93587e-91	
1.47180e-06	-9.49473e-77	-6.78798e-90	
1.47416e-06	-6.74042e-76	-5.70736e-89	
1.47652e-06	-4.78462e-75	-4.71828e-88	
1.47888e-06	-3.29008e-74	-3.83609e-87	
1.48123e-06	-2.26489e-73	-3.06794e-86	
1.48359e-06	-1.50978e-72	-2.41409e-85	
1.48595e-06	-1.00868e-71	-1.86940e-84	
1.48831e-06	-6.52325e-71	-1.42490e-83	
1.49067e-06	-4.23260e-70	-1.06926e-82	
1.49303e-06	-2.65749e-69	-7.90103e-82	
1.49539e-06	-1.67571e-68	-5.75002e-81	
1.49775e-06	-1.02215e-67	-4.12210e-80	
1.50010e-06	-6.26745e-67	-2.91144e-79	
1.50246e-06	-3.71656e-66	-2.02635e-78	
1.50482e-06	-2.21724e-65	-1.38998e-77	
1.50718e-06	-1.27897e-64	-9.39854e-77	
1.50954e-06	-7.42783e-64	-6.26529e-76	
1.51190e-06	-4.17024e-63	-4.11829e-75	
1.51426e-06	-2.35891e-62	-2.66963e-74	
1.51661e-06	-1.28973e-61	-1.70691e-73	
1.51897e-06	-7.10900e-61	-1.07659e-72	
1.52133e-06	-3.78711e-60	-6.69945e-72	
1.52369e-06	-2.03504e-59	-4.11367e-71	
1.52605e-06	-1.05682e-58	-2.49275e-70	
1.52841e-06	-5.53866e-58	-1.49088e-69	
1.53077e-06	-2.80520e-57	-8.80190e-69	
1.53313e-06	-1.43445e-56	-5.13016e-68	
1.53548e-06	-7.08872e-56	-2.95229e-67	
1.53784e-06	-3.53809e-55	-1.67768e-66	
1.54020e-06	-1.70671e-54	-9.41521e-66	
1.54256e-06	-8.31766e-54	-5.21879e-65	
1.54492e-06	-3.91809e-53	-2.85743e-64	
1.54728e-06	-1.86510e-52	-1.54558e-63	
1.54964e-06	-8.58271e-52	-8.25961e-63	
1.55199e-06	-3.99192e-51	-4.36140e-62	
1.55435e-06	-1.79518e-50	-2.27579e-61	
1.55671e-06	-8.16074e-50	-1.17359e-60	
1.55907e-06	-3.58766e-49	-5.98166e-60	
1.56143e-06	-1.59449e-48	-3.01360e-59	
1.56379e-06	-6.85491e-48	-1.50088e-58	
1.56615e-06	-2.97937e-47	-7.38992e-58	
1.56851e-06	-1.25295e-46	-3.59753e-57	
1.57086e-06	-5.32701e-46	-1.73170e-56	
1.57322e-06	-2.19207e-45	-8.24296e-56	
1.57558e-06	-9.11878e-45	-3.88031e-55	
1.57794e-06	-3.67274e-44	-1.80658e-54	
1.58030e-06	-1.49524e-43	-8.31925e-54	
1.58266e-06	-5.89604e-43	-3.78951e-53	
1.58502e-06	-2.34971e-42	-1.70758e-52	
1.58737e-06	-9.07345e-42	-7.61220e-52	
1.58973e-06	-3.54041e-41	-3.35737e-51	
1.59209e-06	-1.33913e-40	-1.46513e-50	
1.59445e-06	-5.11704e-40	-6.32658e-50	
1.59681e-06	-1.89625e-39	-2.70337e-49	
1.59917e-06	-7.09725e-39	-1.14317e-48	
1.60153e-06	-2.57731e-38	-4.78423e-48	
1.60388e-06	-9.45015e-38	-1.98168e-47	
1.60624e-06	-3.36359e-37	-8.12457e-47	
1.60860e-06	-1.20844e-36	-3.29713e-46	
1.61096e-06	-4.21658e-36	-1.32454e-45	
1.61332e-06	-1.48458e-35	-5.26757e-45	
1.61568e-06	-5.07908e-35	-2.07393e-44	
1.61804e-06	-1.75273e-34	-8.08418e-44	
1.62040e-06	-5.88051e-34	-3.12003e-43	
1.62275e-06	-1.98926e-33	-1.19230e-42	
1.62511e-06	-6.54605e-33	-4.51160e-42	
1.62747e-06	-2.17101e-32	-1.69051e-41	
1.62983e-06	-7.00807e-32	-6.27287e-41	
1.63219e-06	-2.27899e-31	-2.30512e-40	
1.63455e-06	-7.21747e-31	-8.38915e-40	
1.63691e-06	-2.30164e-30	-3.02383e-39	
1.63926e-06	-7.15224e-30	-1.07951e-38	
1.64162e-06	-2.23692e-29	-3.81722e-38	
1.64398e-06	-6.82127e-29	-1.33700e-37	
1.64634e-06	-2.09254e-28	-4.63869e-37	
1.64870e-06	-6.26242e-28	-1.59424e-36	
1.65106e-06	-1.88447e-27	-5.42781e-36	
1.65342e-06	-5.53545e-27	-1.83071e-35	
1.65578e-06	-1.63408e-26	-6.11720e-35	
1.65813e-06	-4.71159e-26	-2.02506e-34	
1.66049e-06	-1.36456e-25	-6.64183e-34	
1.66285e-06	-3.86233e-25	-2.15832e-33	
1.66521e-06	-1.09750e-24	-6.94916e-33	
1.66757e-06	-3.04968e-24	-2.21692e-32	
1.66993e-06	-8.50293e-24	-7.00780e-32	
1.67229e-06	-2.31968e-23	-2.19501e-31	
1.67464e-06	-6.34630e-23	-6.81277e-31	
1.67700e-06	-1.69985e-22	-2.09535e-30	
1.67936e-06	-4.56350e-22	-6.38617e-30	
1.68172e-06	-1.20015e-21	-1.92880e-29	
1.68408e-06	-3.16176e-21	-5.77306e-29	
1.68644e-06	-8.16430e-21	-1.71239e-28	
1.68880e-06	-2.11071e-20	-5.03371e-28	
1.69116e-06	-5.35153e-20	-1.46645e-27	
1.69351e-06	-1.35771e-19	-4.23397e-27	
1.69587e-06	-3.38001e-19	-1.21154e-26	
1.69823e-06	-8.41528e-19	-3.43589e-26	
1.70059e-06	-2.05699e-18	-9.65746e-26	
1.70295e-06	-5.02575e-18	-2.69036e-25	
1.70531e-06	-1.20617e-17	-7.42829e-25	
1.70767e-06	-2.89192e-17	-2.03283e-24	
1.71002e-06	-6.81434e-17	-5.51382e-24	
1.71238e-06	-1.60323e-16	-1.48233e-23	
1.71474e-06	-3.70888e-16	-3.94987e-23	
1.71710e-06	-8.56233e-16	-1.04320e-22	
1.71946e-06	-1.94457e-15	-2.73089e-22	
1.72182e-06	-4.40479e-15	-7.08582e-22	
1.72418e-06	-9.81995e-15	-1.82234e-21	
1.72653e-06	-2.18240e-14	-4.64538e-21	
1.72889e-06	-4.77566e-14	-1.17373e-20	
1.73125e-06	-1.04123e-13	-2.93945e-20	
1.73361e-06	-2.23623e-13	-7.29654e-20	
1.73597e-06	-4.78276e-13	-1.79523e-19	
1.73833e-06	-1.00801e-12	-4.37796e-19	
1.74069e-06	-2.11460e-12	-1.05821e-18	
1.74305e-06	-4.37296e-12	-2.53521e-18	
1.74540e-06	-8.99665e-12	-6.02003e-18	
1.74776e-06	-1.82525e-11	-1.41684e-17	
1.75012e-06	-3.68221e-11	-3.30501e-17	
1.75248e-06	-7.32776e-11	-7.64106e-17	
1.75484e-06	-1.44932e-10	-1.75088e-16	
1.75720e-06	-2.82855e-10	-3.97623e-16	
1.75956e-06	-5.48385e-10	-8.94945e-16	
1.76191e-06	-1.04936e-09	-1.99628e-15	
1.76427e-06	-1.99382e-09	-4.41303e-15	
1.76663e-06	-3.73993e-09	-9.66799e-15	
1.76899e-06	-6.96237e-09	-2.09898e-14	
1.77135e-06	-1.27984e-08	-4.51587e-14	
1.77371e-06	-2.33384e-08	-9.62777e-14	
1.77607e-06	-4.20304e-08	-2.03399e-13	
1.77843e-06	-7.50533e-08	-4.25792e-13	
1.78078e-06	-1.32377e-07	-8.83196e-13	
1.78314e-06	-2.31402e-07	-1.81516e-12	
1.78550e-06	-3.99575e-07	-3.69617e-12	
1.78786e-06	-6.83512e-07	-7.45682e-12	
1.79022e-06	-1.15502e-06	-1.49040e-11	
1.79258e-06	-1.93263e-06	-2.95106e-11	
1.79494e-06	-3.19453e-06	-5.78844e-11	
1.79729e-06	-5.22613e-06	-1.12469e-10	
1.79965e-06	-8.44566e-06	-2.16454e-10	
1.80201e-06	-1.35020e-05	-4.12610e-10	
1.80437e-06	-2.13208e-05	-7.78985e-10	
1.80673e-06	-3.32897e-05	-1.45649e-09	
1.80909e-06	-5.13324e-05	-2.69678e-09	
1.81145e-06	-7.82280e-05	-4.94443e-09	
1.81381e-06	-1.17711e-04	-8.97605e-09	
1.81616e-06	-1.74960e-04	-1.61332e-08	
1.81852e-06	-2.56701e-04	-2.87070e-08	
1.82088e-06	-3.71834e-04	-5.05650e-08	
1.82324e-06	-5.31486e-04	-8.81589e-08	
1.82560e-06	-7.49591e-04	-1.52123e-07	
1.82796e-06	-1.04280e-03	-2.59773e-07	
1.83032e-06	-1.43058e-03	-4.38951e-07	
1.83267e-06	-1.93490e-03	-7.33854e-07	
1.83503e-06	-2.57914e-03	-1.21373e-06	
1.83739e-06	-3.38760e-03	-1.98564e-06	
1.83975e-06	-4.38239e-03	-3.21280e-06	
1.84211e-06	-5.58316e-03	-5.14051e-06	
1.84447e-06	-7.00154e-03	-8.13209e-06	
1.84683e-06	-8.64204e-03	-1.27174e-05	
1.84919e-06	-1.04948e-02	-1.96570e-05	
1.85154e-06	-1.25388e-02	-3.00246e-05	
1.85390e-06	-1.47362e-02	-4.53094e-05	
1.85626e-06	-1.70385e-02	-6.75390e-05	
1.85862e-06	-1.93863e-02	-9.94197e-05	
1.86098e-06	-2.17181e-02	-1.44488e-04	
1.86334e-06	-2.39809e-02	-2.07258e-04	
1.86570e-06	-2.61347e-02	-2.93345e-04	
1.86805e-06	-2.81757e-02	-4.09537e-04	
1.87041e-06	-3.01289e-02	-5.63766e-04	
1.87277e-06	-3.20764e-02	-7.64936e-04	
1.87513e-06	-3.41298e-02	-1.02255e-03	
1.87749e-06	-3.64518e-02	-1.34608e-03	
1.87985e-06	-3.92070e-02	-1.74402e-03	
1.88221e-06	-4.25636e-02	-2.22267e-03	
1.88456e-06	-4.66400e-02	-2.78455e-03	
1.88692e-06	-5.14817e-02	-3.42663e-03	
1.88928e-06	-5.70364e-02	-4.13855e-03	
1.89164e-06	-6.31189e-02	-4.90097e-03	
1.89400e-06	-6.94466e-02	-5.68452e-03	
1.89636e-06	-7.56122e-02	-6.44957e-03	
1.89872e-06	-8.11870e-02	-7.14747e-03	
1.90108e-06	-8.57085e-02	-7.72337e-03	
1.90343e-06	-8.88182e-02	-8.12094e-03	
1.90579e-06	-9.02441e-02	-8.28894e-03	
1.90815e-06	-8.99085e-02	-8.18911e-03	
1.91051e-06	-8.78810e-02	-7.80467e-03	
1.91287e-06	-8.43964e-02	-7.14801e-03	
1.91523e-06	-7.97896e-02	-6.26619e-03	
1.91759e-06	-7.44089e-02	-5.24229e-03	
1.91994e-06	-6.85995e-02	-4.19146e-03	
1.92230e-06	-6.25462e-02	-3.25048e-03	
1.92466e-06	-5.63812e-02	-2.56121e-03	
1.92702e-06	-5.00148e-02	-2.24929e-03	
1.92938e-06	-4.33517e-02	-2.40086e-03	
1.93174e-06	-3.61747e-02	-3.04146e-03	
1.93410e-06	-2.83222e-02	-4.12163e-03	
1.93646e-06	-1.96897e-02	-5.51358e-03	
1.93881e-06	-1.01991e-02	-7.02185e-03	
1.94117e-06	4.50864e-05	-8.40833e-03	
1.94353e-06	1.10046e-02	-9.42899e-03	
1.94589e-06	2.24589e-02	-9.87601e-03	
1.94825e-06	3.42638e-02	-9.61703e-03	
1.95061e-06	4.62025e-02	-8.62186e-03	
1.95297e-06	5.80111e-02	-6.96901e-03	
1.95532e-06	6.95111e-02	-4.82796e-03	
1.95768e-06	8.03800e-02	-2.41929e-03	
1.96004e-06	9.04943e-02	3.91372e-05	
1.96240e-06	9.96796e-02	2.38632e-03	
1.96476e-06	1.07916e-01	4.55693e-03	
1.96712e-06	1.15304e-01	6.59163e-03	
1.96948e-06	1.21879e-01	8.61236e-03	
1.97184e-06	1.27785e-01	1.07665e-02	
1.97419e-06	1.32913e-01	1.31543e-02	
1.97655e-06	1.37087e-01	1.57622e-02	
1.97891e-06	1.39990e-01	1.84257e-02	
1.98127e-06	1.41209e-01	2.08400e-02	
1.98363e-06	1.40526e-01	2.26227e-02	
1.98599e-06	1.37846e-01	2.34159e-02	
1.98835e-06	1.33350e-01	2.29986e-02	
1.99070e-06	1.27444e-01	2.13735e-02	
1.99306e-06	1.20448e-01	1.87948e-02	
1.99542e-06	1.12631e-01	1.57194e-02	
1.99778e-06	1.03898e-01	1.26901e-02	
2.00014e-06	9.38599e-02	1.01819e-02	
2.00250e-06	8.21027e-02	8.45967e-03	
2.00486e-06	6.81696e-02	7.49907e-03	
2.00721e-06	5.21044e-02	6.99872e-03	
2.00957e-06	3.43119e-02	6.48658e-03	
2.01193e-06	1.55309e-02	5.48493e-03	
2.01429e-06	-3.25080e-03	3.67633e-03	
2.01665e-06	-2.14007e-02	1.00902e-03	
2.01901e-06	-3.84929e-02	-2.29913e-03	
2.02137e-06	-5.45663e-02	-5.86032e-03	
2.02373e-06	-6.99117e-02	-9.28081e-03	
2.02608e-06	-8.46449e-02	-1.23223e-02	
2.02844e-06	-9.87923e-02	-1.49924e-02	
2.03080e-06	-1.11953e-01	-1.75239e-02	
2.03316e-06	-1.23619e-01	-2.02488e-02	
2.03552e-06	-1.33387e-01	-2.34197e-02	
2.03788e-06	-1.41019e-01	-2.70536e-02	
2.04024e-06	-1.46595e-01	-3.08685e-02	
2.04259e-06	-1.50236e-01	-3.43408e-02	
2.04495e-06	-1.51850e-01	-3.68620e-02	
2.04731e-06	-1.51073e-01	-3.79282e-02	
2.04967e-06	-1.47238e-01	-3.72854e-02	
2.05203e-06	-1.39689e-01	-3.49742e-02	
2.05439e-06	-1.28225e-01	-3.12666e-02	
2.05675e-06	-1.13171e-01	-2.65364e-02	
2.05911e-06	-9.55119e-02	-2.11292e-02	
2.06146e-06	-7.65212e-02	-1.52886e-02	
2.06382e-06	-5.73008e-02	-9.15922e-03	
2.06618e-06	-3.86529e-02	-2.84025e-03	
2.06854e-06	-2.08170e-02	3.56002e-03	
2.07090e-06	-3.78617e-03	9.91125e-03	
2.07326e-06	1.24468e-02	1.60967e-02	
2.07562e-06	2.78469e-02	2.20649e-02	
2.07797e-06	4.21981e-02	2.78453e-02	
2.08033e-06	5.54174e-02	3.34978e-02	
2.08269e-06	6.76411e-02	3.90072e-02	
2.08505e-06	7.91223e-02	4.41836e-02	
2.08741e-06	9.01485e-02	4.86405e-02	
2.08977e-06	1.00635e-01	5.18917e-02	
2.09213e-06	1.10132e-01	5.35393e-02	
2.09449e-06	1.17977e-01	5.34684e-02	
2.09684e-06	1.23626e-01	5.19409e-02	
2.09920e-06	1.27050e-01	4.95253e-02	
2.10156e-06	1.28776e-01	4.68830e-02	
2.10392e-06	1.29587e-01	4.45077e-02	
2.10628e-06	1.30184e-01	4.25448e-02	
2.10864e-06	1.30687e-01	4.07738e-02	
2.11100e-06	1.30698e-01	3.87482e-02	
2.11335e-06	1.29586e-01	3.60038e-02	
2.11571e-06	1.26730e-01	3.22218e-02	
2.11807e-06	1.22128e-01	2.72760e-02	
2.12043e-06	1.15988e-01	2.11811e-02	
2.12279e-06	1.08877e-01	1.40188e-02	
2.12515e-06	1.01235e-01	5.92371e-03	
2.12751e-06	9.33142e-02	-2.85938e-03	
2.12986e-06	8.53573e-02	-1.19117e-02	
2.13222e-06	7.75156e-02	-2.06686e-02	
2.13458e-06	6.99871e-02	-2.85847e-02	
2.13694e-06	6.27184e-02	-3.53704e-02	
2.13930e-06	5.53229e-02	-4.11515e-02	
2.14166e-06	4.69794e-02	-4.64072e-02	
2.14402e-06	3.68647e-02	-5.16653e-02	
2.14638e-06	2.45185e-02	-5.71001e-02	
2.14873e-06	1.00923e-02	-6.22740e-02	
2.15109e-06	-5.56809e-03	-6.62215e-02	
2.15345e-06	-2.14626e-02	-6.78779e-02	
2.15581e-06	-3.69956e-02	-6.66371e-02	
2.15817e-06	-5.17807e-02	-6.27148e-02	
2.16053e-06	-6.60918e-02	-5.70846e-02	
2.16289e-06	-7.98918e-02	-5.10027e-02	
2.16524e-06	-9.26356e-02	-4.53912e-02	
2.16760e-06	-1.03783e-01	-4.04421e-02	
2.16996e-06	-1.12235e-01	-3.56672e-02	
2.17232e-06	-1.17664e-01	-3.03359e-02	
2.17468e-06	-1.20257e-01	-2.39978e-02	
2.17704e-06	-1.20293e-01	-1.67507e-02	
2.17940e-06	-1.18550e-01	-9.10065e-03	
2.18176e-06	-1.15233e-01	-1.55524e-03	
2.18411e-06	-1.10292e-01	5.73292e-03	
2.18647e-06	-1.03788e-01	1.30031e-02	
2.18883e-06	-9.53987e-02	2.05844e-02	
2.19119e-06	-8.50585e-02	2.84943e-02	
2.19355e-06	-7.26645e-02	3.62561e-02	
2.19591e-06	-5.79110e-02	4.30934e-02	
2.19827e-06	-4.09203e-02	4.83734e-02	
2.20062e-06	-2.19801e-02	5.19810e-02	
2.20298e-06	-1.79639e-03	5.43501e-02	
2.20534e-06	1.86615e-02	5.61293e-02	
2.20770e-06	3.87194e-02	5.77253e-02	
2.21006e-06	5.78734e-02	5.90482e-02	
2.21242e-06	7.58789e-02	5.96227e-02	
2.21478e-06	9.24109e-02	5.89475e-02	
2.21714e-06	1.06769e-01	5.68154e-02	
2.21949e-06	1.18299e-01	5.33604e-02	
2.22185e-06	1.26544e-01	4.88428e-02	
2.22421e-06	1.31556e-01	4.33946e-02	
2.22657e-06	1.33919e-01	3.69650e-02	
2.22893e-06	1.33924e-01	2.95126e-02	
2.23129e-06	1.31337e-01	2.12525e-02	
2.23365e-06	1.25519e-01	1.27062e-02	
2.23600e-06	1.15651e-01	4.46544e-03	
2.23836e-06	1.01751e-01	-3.15243e-03	
2.24072e-06	8.48147e-02	-1.02534e-02	
2.24308e-06	6.61011e-02	-1.71575e-02	
2.24544e-06	4.67285e-02	-2.39743e-02	
2.24780e-06	2.70234e-02	-3.03201e-02	
2.25016e-06	6.42456e-03	-3.54575e-02	
2.25251e-06	-1.53977e-02	-3.88008e-02	
2.25487e-06	-3.82829e-02	-4.04065e-02	
2.25723e-06	-6.16858e-02	-4.10290e-02	
2.25959e-06	-8.46252e-02	-4.16435e-02	
2.26195e-06	-1.06683e-01	-4.27684e-02	
2.26431e-06	-1.27882e-01	-4.41160e-02	
2.26667e-06	-1.48075e-01	-4.48695e-02	
2.26903e-06	-1.66877e-01	-4.43932e-02	
2.27138e-06	-1.83483e-01	-4.28160e-02	
2.27374e-06	-1.97019e-01	-4.09993e-02	
2.27610e-06	-2.07135e-01	-3.98760e-02	
2.27846e-06	-2.14141e-01	-3.96597e-02	
2.28082e-06	-2.18387e-01	-3.95610e-02	
2.28318e-06	-2.20050e-01	-3.82701e-02	
2.28554e-06	-2.19082e-01	-3.48784e-02	
2.28789e-06	-2.15160e-01	-2.95531e-02	
2.29025e-06	-2.08308e-01	-2.34610e-02	
2.29261e-06	-1.98797e-01	-1.79980e-02	
2.29497e-06	-1.86649e-01	-1.38982e-02	
2.29733e-06	-1.71507e-01	-1.08595e-02	
2.29969e-06	-1.53044e-01	-7.91007e-03	
2.30205e-06	-1.31067e-01	-4.18332e-03	
2.30441e-06	-1.06190e-01	4.91165e-04	
2.30676e-06	-7.98658e-02	5.57104e-03	
2.30912e-06	-5.30086e-02	1.02826e-02	
2.31148e-06	-2.61384e-02	1.41781e-02	
2.31384e-06	7.31841e-04	1.73662e-02	
2.31620e-06	2.79640e-02	2.03238e-02	
2.31856e-06	5.49273e-02	2.35072e-02	
2.32092e-06	8.05675e-02	2.70595e-02	
2.32327e-06	1.04091e-01	3.07537e-02	
2.32563e-06	1.25114e-01	3.41165e-02	
2.32799e-06	1.44032e-01	3.66142e-02	
2.33035e-06	1.61410e-01	3.78477e-02	
2.33271e-06	1.77054e-01	3.77543e-02	
2.33507e-06	1.90194e-01	3.67610e-02	
2.33743e-06	2.00290e-01	3.57431e-02	
2.33979e-06	2.06950e-01	3.56732e-02	
2.34214e-06	2.10617e-01	3.70602e-02	
2.34450e-06	2.11931e-01	3.95231e-02	
2.34686e-06	2.10751e-01	4.18610e-02	
2.34922e-06	2.07062e-01	4.26781e-02	
2.35158e-06	2.00806e-01	4.11891e-02	
2.35394e-06	1.92092e-01	3.76393e-02	
2.35630e-06	1.81762e-01	3.30213e-02	
2.35865e-06	1.70023e-01	2.83068e-02	
2.36101e-06	1.56432e-01	2.37925e-02	
2.36337e-06	1.40733e-01	1.90569e-02	
2.36573e-06	1.22556e-01	1.35056e-02	
2.36809e-06	1.02282e-01	6.99192e-03	
2.37045e-06	8.10863e-02	-3.59515e-05	
2.37281e-06	5.95685e-02	-6.95284e-03	
2.37516e-06	3.79577e-02	-1.34984e-02	
2.37752e-06	1.65029e-02	-1.98856e-02	
2.37988e-06	-4.97969e-03	-2.63397e-02	
2.38224e-06	-2.63645e-02	-3.25119e-02	
2.38460e-06	-4.70698e-02	-3.73971e-02	
2.38696e-06	-6.70345e-02	-3.99708e-02	
2.38932e-06	-8.60355e-02	-4.00790e-02	
2.39168e-06	-1.03188e-01	-3.87971e-02	
2.39403e-06	-1.17759e-01	-3.78396e-02	
2.39639e-06	-1.29055e-01	-3.83912e-02	
2.39875e-06	-1.36640e-01	-4.02594e-02	
2.40111e-06	-1.41186e-01	-4.20434e-02	
2.40347e-06	-1.43697e-01	-4.22040e-02	
2.40583e-06	-1.44430e-01	-4.01896e-02	
2.40819e-06	-1.43329e-01	-3.67313e-02	
2.41054e-06	-1.40228e-01	-3.31166e-02	
2.41290e-06	-1.34802e-01	-3.00914e-02	
2.41526e-06	-1.27375e-01	-2.73165e-02	
2.41762e-06	-1.18654e-01	-2.37977e-02	
2.41998e-06	-1.08645e-01	-1.88706e-02	
2.42234e-06	-9.69763e-02	-1.28689e-02	
2.42470e-06	-8.35162e-02	-6.91377e-03	
2.42706e-06	-6.80832e-02	-2.02881e-03	
2.42941e-06	-5.08012e-02	1.65208e-03	
2.43177e-06	-3.22925e-02	4.92881e-03	
2.43413e-06	-1.29200e-02	8.83375e-03	
2.43649e-06	7.19983e-03	1.38016e-02	
2.43885e-06	2.74831e-02	1.93877e-02	
2.44121e-06	4.71607e-02	2.47051e-02	
2.44357e-06	6.58549e-02	2.91478e-02	
2.44592e-06	8.32233e-02	3.27731e-02	
2.44828e-06	9.89264e-02	3.60650e-02	
2.45064e-06	1.13194e-01	3.93389e-02	
2.45300e-06	1.25717e-01	4.23211e-02	
2.45536e-06	1.35903e-01	4.42405e-02	
2.45772e-06	1.43737e-01	4.43287e-02	
2.46008e-06	1.48781e-01	4.23181e-02	
2.46244e-06	1.50863e-01	3.85876e-02	
2.46479e-06	1.49659e-01	3.39148e-02	
2.46715e-06	1.44982e-01	2.90657e-02	
2.46951e-06	1.37596e-01	2.44955e-02	
2.47187e-06	1.28053e-01	2.02773e-02	
2.47423e-06	1.16797e-01	1.62060e-02	
2.47659e-06	1.04027e-01	1.19738e-02	
2.47895e-06	8.90058e-02	7.35364e-03	
2.48130e-06	7.14146e-02	2.35777e-03	
2.48366e-06	5.22202e-02	-2.68655e-03	
2.48602e-06	3.20670e-02	-7.22315e-03	
2.48838e-06	1.09436e-02	-1.07275e-02	
2.49074e-06	-1.09143e-02	-1.30212e-02	
2.49310e-06	-3.33181e-02	-1.44355e-02	
2.49546e-06	-5.56201e-02	-1.56897e-02	
2.49781e-06	-7.66382e-02	-1.75404e-02	
2.50017e-06	-9.56728e-02	-2.04188e-02	
2.50253e-06	-1.13044e-01	-2.42651e-02	
2.50489e-06	-1.29490e-01	-2.86099e-02	
2.50725e-06	-1.44020e-01	-3.27866e-02	
2.50961e-06	-1.55547e-01	-3.61269e-02	
2.51197e-06	-1.64513e-01	-3.80900e-02	
2.51433e-06	-1.70745e-01	-3.83698e-02	
2.51668e-06	-1.73814e-01	-3.70100e-02	
2.51904e-06	-1.73895e-01	-3.44564e-02	
2.52140e-06	-1.70398e-01	-3.14297e-02	
2.52376e-06	-1.63020e-01	-2.86102e-02	
2.52612e-06	-1.53262e-01	-2.63043e-02	
2.52848e-06	-1.41919e-01	-2.43385e-02	
2.53084e-06	-1.27534e-01	-2.22776e-02	
2.53319e-06	-1.09335e-01	-1.98023e-02	
2.53555e-06	-8.89550e-02	-1.69349e-02	
2.53791e-06	-6.80773e-02	-1.39277e-02	
2.54027e-06	-4.71309e-02	-1.09323e-02	
2.54263e-06	-2.59478e-02	-7.77947e-03	
2.54499e-06	-3.99402e-03	-4.10255e-03	
2.54735e-06	1.88582e-02	2.83066e-04	
2.54971e-06	4.10847e-02	5.09555e-03	
2.55206e-06	6.12413e-02	9.69006e-03	
2.55442e-06	8.01773e-02	1.35045e-02	
2.55678e-06	9.87245e-02	1.64837e-02	
2.55914e-06	1.15566e-01	1.91172e-02	
2.56150e-06	1.29291e-01	2.20565e-02	
2.56386e-06	1.40389e-01	2.56390e-02	
2.56622e-06	1.49791e-01	2.97124e-02	
2.56857e-06	1.57332e-01	3.38651e-02	
2.57093e-06	1.62306e-01	3.77941e-02	
2.57329e-06	1.64119e-01	4.14409e-02	
2.57565e-06	1.62491e-01	4.47746e-02	
2.57801e-06	1.57837e-01	4.74753e-02	
2.58037e-06	1.50805e-01	4.88813e-02	
2.58273e-06	1.41243e-01	4.83229e-02	
2.58509e-06	1.28835e-01	4.55777e-02	
2.58744e-06	1.14340e-01	4.10416e-02	
2.58980e-06	9.88329e-02	3.54556e-02	
2.59216e-06	8.22298e-02	2.94311e-02	
2.59452e-06	6.39800e-02	2.32000e-02	
2.59688e-06	4.45532e-02	1.67869e-02	
2.59924e-06	2.48654e-02	1.03761e-02	
2.60160e-06	4.98735e-03	4.44435e-03	
2.60395e-06	-1.53537e-02	-5.43576e-04	
2.60631e-06	-3.57721e-02	-4.61309e-03	
2.60867e-06	-5.58431e-02	-8.42549e-03	
2.61103e-06	-7.56332e-02	-1.28288e-02	
2.61339e-06	-9.49200e-02	-1.81042e-02	
2.61575e-06	-1.13021e-01	-2.35562e-02	
2.61811e-06	-1.29469e-01	-2.78917e-02	
2.62046e-06	-1.44081e-01	-3.01888e-02	
2.62282e-06	-1.56612e-01	-3.07107e-02	
2.62518e-06	-1.66952e-01	-3.08692e-02	
2.62754e-06	-1.75228e-01	-3.22828e-02	
2.62990e-06	-1.81431e-01	-3.56058e-02	
2.63226e-06	-1.85386e-01	-4.00100e-02	
2.63462e-06	-1.86969e-01	-4.37137e-02	
2.63698e-06	-1.86036e-01	-4.51505e-02	
2.63933e-06	-1.81928e-01	-4.39137e-02	
2.64169e-06	-1.74172e-01	-4.08340e-02	
2.64405e-06	-1.63166e-01	-3.72420e-02	
2.64641e-06	-1.49519e-01	-3.40520e-02	
2.64877e-06	-1.33605e-01	-3.13390e-02	
2.65113e-06	-1.15415e-01	-2.86000e-02	
2.65349e-06	-9.52486e-02	-2.53415e-02	
2.65584e-06	-7.37387e-02	-2.14618e-02	
2.65820e-06	-5.08481e-02	-1.71772e-02	
2.66056e-06	-2.63126e-02	-1.26767e-02	
2.66292e-06	-1.00915e-03	-7.89001e-03	
2.66528e-06	2.38235e-02	-2.58459e-03	
2.66764e-06	4.79589e-02	3.32653e-03	
2.67000e-06	7.15183e-02	9.56951e-03	
2.67236e-06	9.41514e-02	1.55813e-02	
2.67471e-06	1.15523e-01	2.07964e-02	
2.67707e-06	1.35579e-01	2.49077e-02	
2.67943e-06	1.53751e-01	2.79238e-02	
2.68179e-06	1.69246e-01	3.00468e-02	
2.68415e-06	1.81535e-01	3.15297e-02	
2.68651e-06	1.90796e-01	3.26358e-02	
2.68887e-06	1.97834e-01	3.36656e-02	
2.69122e-06	2.02290e-01	3.49327e-02	
2.69358e-06	2.03819e-01	3.66281e-02	
2.69594e-06	2.02536e-01	3.86559e-02	
2.69830e-06	1.97785e-01	4.05979e-02	
2.70066e-06	1.89935e-01	4.18809e-02	
2.70302e-06	1.80408e-01	4.20524e-02	
2.70538e-06	1.69093e-01	4.09720e-02	
2.70774e-06	1.54844e-01	3.87865e-02	
2.71009e-06	1.38212e-01	3.57298e-02	
2.71245e-06	1.20786e-01	3.19218e-02	
2.71481e-06	1.02427e-01	2.73252e-02	
2.71717e-06	8.18382e-02	2.18806e-02	
2.71953e-06	5.92259e-02	1.56880e-02	
2.72189e-06	3.56682e-02	9.08254e-03	
2.72425e-06	1.15491e-02	2.53913e-03	
2.72660e-06	-1.27018e-02	-3.51954e-03	
2.72896e-06	-3.64251e-02	-8.87895e-03	
2.73132e-06	-5.93434e-02	-1.35604e-02	
2.73368e-06	-8.16825e-02	-1.77258e-02	
2.73604e-06	-1.02698e-01	-2.15375e-02	
2.73840e-06	-1.21283e-01	-2.50601e-02	
2.74076e-06	-1.38238e-01	-2.82481e-02	
2.74311e-06	-1.53357e-01	-3.10123e-02	
2.74547e-06	-1.65051e-01	-3.33239e-02	
2.74783e-06	-1.73451e-01	-3.52987e-02	
2.75019e-06	-1.79681e-01	-3.72020e-02	
2.75255e-06	-1.84132e-01	-3.93378e-02	
2.75491e-06	-1.85897e-01	-4.18428e-02	
2.75727e-06	-1.83623e-01	-4.44804e-02	
2.75963e-06	-1.77257e-01	-4.65721e-02	
2.76198e-06	-1.67993e-01	-4.71690e-02	
2.76434e-06	-1.56397e-01	-4.54385e-02	
2.76670e-06	-1.42243e-01	-4.11005e-02	
2.76906e-06	-1.25419e-01	-3.46731e-02	
2.77142e-06	-1.05804e-01	-2.73539e-02	
2.77378e-06	-8.38436e-02	-2.05517e-02	
2.77614e-06	-6.12142e-02	-1.52783e-02	
2.77849e-06	-3.88525e-02	-1.17101e-02	
2.78085e-06	-1.58630e-02	-9.15311e-03	
2.78321e-06	8.13759e-03	-6.43901e-03	
2.78557e-06	3.19700e-02	-2.54665e-03	
2.78793e-06	5.48265e-02	2.87807e-03	
2.79029e-06	7.68963e-02	9.37725e-03	
2.79265e-06	9.79923e-02	1.59745e-02	
2.79501e-06	1.17399e-01	2.17240e-02	
2.79736e-06	1.34850e-01	2.61897e-02	
2.79972e-06	1.50251e-01	2.95789e-02	
2.80208e-06	1.63134e-01	3.24730e-02	
2.80444e-06	1.73369e-01	3.53536e-02	
2.80680e-06	1.81138e-01	3.82505e-02	
2.80916e-06	1.85827e-01	4.07445e-02	
2.81152e-06	1.86577e-01	4.23099e-02	
2.81387e-06	1.84073e-01	4.27336e-02	
2.81623e-06	1.79539e-01	4.22928e-02	
2.81859e-06	1.72464e-01	4.15482e-02	
2.82095e-06	1.61684e-01	4.08983e-02	
2.82331e-06	1.47566e-01	4.02292e-02	
2.82567e-06	1.31366e-01	3.89354e-02	
2.82803e-06	1.13389e-01	3.63139e-02	
2.83039e-06	9.31765e-02	3.20569e-02	
2.83274e-06	7.08838e-02	2.64876e-02	
2.83510e-06	4.74718e-02	2.03785e-02	
2.83746e-06	2.37363e-02	1.44969e-02	
2.83982e-06	-3.11882e-04	9.21962e-03	
2.84218e-06	-2.49647e-02	4.47749e-03	
2.84454e-06	-4.98423e-02	1.42450e-05	
2.84690e-06	-7.37281e-02	-4.30254e-03	
2.84925e-06	-9.58427e-02	-8.39777e-03	
2.85161e-06	-1.16647e-01	-1.21842e-02	
2.85397e-06	-1.36623e-01	-1.58194e-02	
2.85633e-06	-1.54873e-01	-1.97335e-02	
2.85869e-06	-1.70184e-01	-2.43335e-02	
2.86105e-06	-1.82769e-01	-2.95935e-02	
2.86341e-06	-1.93443e-01	-3.48872e-02	
2.86577e-06	-2.01852e-01	-3.92578e-02	
2.86812e-06	-2.06833e-01	-4.19741e-02	
2.87048e-06	-2.08141e-01	-4.29688e-02	
2.87284e-06	-2.06505e-01	-4.28245e-02	
2.87520e-06	-2.02148e-01	-4.23168e-02	
2.87756e-06	-1.94594e-01	-4.18711e-02	
2.87992e-06	-1.83524e-01	-4.13452e-02	
2.88228e-06	-1.69539e-01	-4.02689e-02	
2.88463e-06	-1.53291e-01	-3.82947e-02	
2.88699e-06	-1.34739e-01	-3.54552e-02	
2.88935e-06	-1.13870e-01	-3.20296e-02	
2.89171e-06	-9.09561e-02	-2.81873e-02	
2.89407e-06	-6.68065e-02	-2.37902e-02	
2.89643e-06	-4.17370e-02	-1.85766e-02	
2.89879e-06	-1.57721e-02	-1.25713e-02	
2.90114e-06	1.04969e-02	-6.31087e-03	
2.90350e-06	3.64869e-02	-5.94740e-04	
2.90586e-06	6.17325e-02	4.10310e-03	
2.90822e-06	8.59663e-02	8.07458e-03	
2.91058e-06	1.09055e-01	1.22336e-02	
2.91294e-06	1.30443e-01	1.74088e-02	
2.91530e-06	1.49524e-01	2.35913e-02	
2.91766e-06	1.66112e-01	2.97583e-02	
2.92001e-06	1.79793e-01	3.44837e-02	
2.92237e-06	1.90051e-01	3.69240e-02	
2.92473e-06	1.96917e-01	3.74473e-02	
2.92709e-06	2.00617e-01	3.74129e-02	
2.92945e-06	2.01230e-01	3.82456e-02	
2.93181e-06	1.98788e-01	4.04687e-02	
2.93417e-06	1.93385e-01	4.33739e-02	
2.93652e-06	1.85476e-01	4.55143e-02	
2.93888e-06	1.75447e-01	4.56203e-02	
2.94124e-06	1.62613e-01	4.32953e-02	
2.94360e-06	1.46313e-01	3.90908e-02	
2.94596e-06	1.27434e-01	3.40442e-02	
2.94832e-06	1.06962e-01	2.90829e-02	
2.95068e-06	8.51218e-02	2.46717e-02	
2.95304e-06	6.19326e-02	2.07965e-02	
2.95539e-06	3.72762e-02	1.71374e-02	
2.95775e-06	1.11146e-02	1.32571e-02	
2.96011e-06	-1.59850e-02	8.74937e-03	
2.96247e-06	-4.29568e-02	3.38778e-03	
2.96483e-06	-6.88903e-02	-2.73226e-03	
2.96719e-06	-9.33648e-02	-9.16072e-03	
2.96955e-06	-1.16149e-01	-1.52659e-02	
2.97190e-06	-1.36910e-01	-2.05552e-02	
2.97426e-06	-1.55551e-01	-2.49242e-02	
2.97662e-06	-1.71776e-01	-2.86265e-02	
2.97898e-06	-1.84928e-01	-3.19771e-02	
2.98134e-06	-1.94738e-01	-3.50453e-02	
2.98370e-06	-2.01294e-01	-3.76170e-02	
2.98606e-06	-2.04564e-01	-3.94660e-02	
2.98842e-06	-2.04582e-01	-4.06692e-02	
2.99077e-06	-2.01369e-01	-4.16225e-02	
2.99313e-06	-1.94950e-01	-4.26757e-02	
2.99549e-06	-1.85339e-01	-4.36814e-02	
2.99785e-06	-1.72278e-01	-4.38992e-02	
3.00021e-06	-1.55861e-01	-4.24419e-02	
3.00257e-06	-1.36598e-01	-3.89754e-02	
3.00493e-06	-1.14986e-01	-3.41060e-02	
3.00728e-06	-9.13301e-02	-2.90793e-02	
3.00964e-06	-6.61079e-02	-2.49512e-02	
3.01200e-06	-3.99439e-02	-2.18427e-02	
3.01436e-06	-1.29192e-02	-1.88663e-02	
3.01672e-06	1.45673e-02	-1.48049e-02	
3.01908e-06	4.13541e-02	-9.04002e-03	
3.02144e-06	6.71779e-02	-2.02763e-03	
3.02379e-06	9.26327e-02	5.02197e-03	
3.02615e-06	1.17318e-01	1.09899e-02	
3.02851e-06	1.39941e-01	1.55646e-02	
3.03087e-06	1.59699e-01	1.93094e-02	
3.03323e-06	1.76665e-01	2.30923e-02	
3.03559e-06	1.91189e-01	2.73634e-02	
3.03795e-06	2.03257e-01	3.18387e-02	
3.04031e-06	2.12505e-01	3.57780e-02	
3.04266e-06	2.18476e-01	3.85781e-02	
3.04502e-06	2.20726e-01	4.01900e-02	
3.04738e-06	2.19142e-01	4.10635e-02	
3.04974e-06	2.14016e-01	4.17177e-02	
3.05210e-06	2.05438e-01	4.23117e-02	
3.05446e-06	1.93330e-01	4.25448e-02	
3.05682e-06	1.78110e-01	4.19255e-02	
3.05917e-06	1.60396e-01	4.01626e-02	
3.06153e-06	1.40458e-01	3.73708e-02	
3.06389e-06	1.18405e-01	3.39583e-02	
3.06625e-06	9.44520e-02	3.03229e-02	
3.06861e-06	6.89946e-02	2.66056e-02	
3.07097e-06	4.26830e-02	2.26776e-02	
3.07333e-06	1.60196e-02	1.83308e-02	
3.07569e-06	-1.08687e-02	1.34920e-02	
3.07804e-06	-3.76912e-02	8.28436e-03	
3.08040e-06	-6.36230e-02	2.91003e-03	
3.08276e-06	-8.78742e-02	-2.51236e-03	
3.08512e-06	-1.10548e-01	-7.98895e-03	
3.08748e-06	-1.32026e-01	-1.35212e-02	
3.08984e-06	-1.51865e-01	-1.89301e-02	
3.09220e-06	-1.69124e-01	-2.38307e-02	
3.09455e-06	-1.83579e-01	-2.78416e-02	
3.09691e-06	-1.95499e-01	-3.08979e-02	
3.09927e-06	-2.04580e-01	-3.33925e-02	
3.10163e-06	-2.10171e-01	-3.59525e-02	
3.10399e-06	-2.12126e-01	-3.89427e-02	
3.10635e-06	-2.10850e-01	-4.20551e-02	
3.10871e-06	-2.06578e-01	-4.43567e-02	
3.11107e-06	-1.99072e-01	-4.48604e-02	
3.11342e-06	-1.87952e-01	-4.32584e-02	
3.11578e-06	-1.73559e-01	-4.02600e-02	
3.11814e-06	-1.56785e-01	-3.72068e-02	
3.12050e-06	-1.37674e-01	-3.51655e-02	
3.12286e-06	-1.15483e-01	-3.41365e-02	
3.12522e-06	-9.04990e-02	-3.29884e-02	
3.12758e-06	-6.43056e-02	-3.02217e-02	
3.12993e-06	-3.79260e-02	-2.50448e-02	
3.13229e-06	-1.11785e-02	-1.79837e-02	
3.13465e-06	1.59532e-02	-1.05776e-02	
3.13701e-06	4.28292e-02	-4.37469e-03	
3.13937e-06	6.89290e-02	4.64146e-05	
3.14173e-06	9.40456e-02	3.34613e-03	
3.14409e-06	1.17923e-01	6.83892e-03	
3.14644e-06	1.39949e-01	1.15201e-02	
3.14880e-06	1.59497e-01	1.74023e-02	
3.15116e-06	1.76255e-01	2.35715e-02	
3.15352e-06	1.90140e-01	2.88357e-02	
3.15588e-06	2.01360e-01	3.24607e-02	
3.15824e-06	2.09661e-01	3.45201e-02	
3.16060e-06	2.14439e-01	3.57179e-02	
3.16296e-06	2.14997e-01	3.68937e-02	
3.16531e-06	2.10995e-01	3.85432e-02	
3.16767e-06	2.02910e-01	4.05862e-02	
3.17003e-06	1.91261e-01	4.24341e-02	
3.17239e-06	1.76629e-01	4.32807e-02	
3.17475e-06	1.59288e-01	4.24939e-02	
3.17711e-06	1.39800e-01	3.99545e-02	
3.17947e-06	1.18997e-01	3.61679e-02	
3.18182e-06	9.64759e-02	3.20350e-02	
3.18418e-06	7.16328e-02	2.83472e-02	
3.18654e-06	4.48328e-02	2.52928e-02	
3.18890e-06	1.71864e-02	2.23268e-02	
3.19126e-06	-1.03015e-02	1.85573e-02	
3.19362e-06	-3.76834e-02	1.34181e-02	
3.19598e-06	-6.48385e-02	7.14249e-03	
3.19834e-06	-9.06596e-02	6.58741e-04	
3.20069e-06	-1.14542e-01	-5.04071e-03	
3.20305e-06	-1.36525e-01	-9.57876e-03	
3.20541e-06	-1.56545e-01	-1.33889e-02	
3.20777e-06	-1.74170e-01	-1.72777e-02	
3.21013e-06	-1.88472e-01	-2.17220e-02	
3.21249e-06	-1.99335e-01	-2.64812e-02	
3.21485e-06	-2.07426e-01	-3.08259e-02	
3.21720e-06	-2.12998e-01	-3.41532e-02	
3.21956e-06	-2.15572e-01	-3.64394e-02	
3.22192e-06	-2.14582e-01	-3.81444e-02	
3.22428e-06	-2.10207e-01	-3.96873e-02	
3.22664e-06	-2.02893e-01	-4.09992e-02	
3.22900e-06	-1.92668e-01	-4.15760e-02	
3.23136e-06	-1.78977e-01	-4.09819e-02	
3.23372e-06	-1.62252e-01	-3.93235e-02	
3.23607e-06	-1.43703e-01	-3.72253e-02	
3.23843e-06	-1.23469e-01	-3.52906e-02	
3.24079e-06	-1.01383e-01	-3.35268e-02	
3.24315e-06	-7.76379e-02	-3.12784e-02	
3.24551e-06	-5.27446e-02	-2.77823e-02	
3.24787e-06	-2.73444e-02	-2.28882e-02	
3.25023e-06	-1.39481e-03	-1.73058e-02	
3.25258e-06	2.48531e-02	-1.21147e-02	
3.25494e-06	5.05862e-02	-7.91559e-03	
3.25730e-06	7.57652e-02	-4.33346e-03	
3.25966e-06	1.00249e-01	-3.22124e-04	
3.26202e-06	1.23203e-01	4.94869e-03	
3.26438e-06	1.44100e-01	1.13424e-02	
3.26674e-06	1.62522e-01	1.77689e-02	
3.26909e-06	1.78023e-01	2.29698e-02	
3.27145e-06	1.90370e-01	2.64516e-02	
3.27381e-06	1.99528e-01	2.88151e-02	
3.27617e-06	2.05696e-01	3.12233e-02	
3.27853e-06	2.08627e-01	3.44405e-02	
3.28089e-06	2.07773e-01	3.82127e-02	
3.28325e-06	2.03152e-01	4.14643e-02	
3.28561e-06	1.95465e-01	4.31292e-02	
3.28796e-06	1.85525e-01	4.29386e-02	
3.29032e-06	1.73391e-01	4.15549e-02	
3.29268e-06	1.58407e-01	3.99856e-02	
3.29504e-06	1.40444e-01	3.87794e-02	
3.29740e-06	1.20035e-01	3.76463e-02	
3.29976e-06	9.74882e-02	3.57724e-02	
3.30212e-06	7.31441e-02	3.25332e-02	
3.30447e-06	4.77756e-02	2.80182e-02	
3.30683e-06	2.19752e-02	2.29601e-02	
3.30919e-06	-4.05714e-03	1.81611e-02	
3.31155e-06	-3.04269e-02	1.38990e-02	
3.31391e-06	-5.70410e-02	9.78525e-03	
3.31627e-06	-8.27525e-02	5.16210e-03	
3.31863e-06	-1.06523e-01	-3.03008e-04	
3.32099e-06	-1.28532e-01	-6.30842e-03	
3.32334e-06	-1.48653e-01	-1.21276e-02	
3.32570e-06	-1.66013e-01	-1.71491e-02	
3.32806e-06	-1.80339e-01	-2.13035e-02	
3.33042e-06	-1.91823e-01	-2.50416e-02	
3.33278e-06	-2.00413e-01	-2.88930e-02	
3.33514e-06	-2.05953e-01	-3.29718e-02	
3.33750e-06	-2.07905e-01	-3.68288e-02	
3.33985e-06	-2.05566e-01	-3.97677e-02	
3.34221e-06	-1.99133e-01	-4.13713e-02	
3.34457e-06	-1.89387e-01	-4.18150e-02	
3.34693e-06	-1.76868e-01	-4.17141e-02	
3.34929e-06	-1.61725e-01	-4.16234e-02	
3.35165e-06	-1.43893e-01	-4.15833e-02	
3.35401e-06	-1.23375e-01	-4.10767e-02	
3.35637e-06	-1.00590e-01	-3.94365e-02	
3.35872e-06	-7.62366e-02	-3.63875e-02	
3.36108e-06	-5.07938e-02	-3.22946e-02	
3.36344e-06	-2.47850e-02	-2.79150e-02	
3.36580e-06	1.40813e-03	-2.38423e-02	
3.36816e-06	2.78686e-02	-2.00754e-02	
3.37052e-06	5.43743e-02	-1.60555e-02	
3.37288e-06	8.00617e-02	-1.11488e-02	
3.37523e-06	1.04106e-01	-5.19897e-03	
3.37759e-06	1.26324e-01	1.28411e-03	
3.37995e-06	1.46697e-01	7.45308e-03	
3.38231e-06	1.65076e-01	1.27149e-02	
3.38467e-06	1.81033e-01	1.71223e-02	
3.38703e-06	1.94154e-01	2.12562e-02	
3.38939e-06	2.04358e-01	2.56944e-02	
3.39174e-06	2.11755e-01	3.04878e-02	
3.39410e-06	2.16270e-01	3.50625e-02	
3.39646e-06	2.17320e-01	3.86260e-02	
3.39882e-06	2.14400e-01	4.07526e-02	
3.40118e-06	2.07501e-01	4.16794e-02	
3.40354e-06	1.97384e-01	4.20786e-02	
3.40590e-06	1.84767e-01	4.24937e-02	
3.40826e-06	1.69411e-01	4.28980e-02	
3.41061e-06	1.50959e-01	4.27309e-02	
3.41297e-06	1.29804e-01	4.13774e-02	
3.41533e-06	1.06732e-01	3.86900e-02	
3.41769e-06	8.22274e-02	3.51243e-02	
3.42005e-06	5.64194e-02	3.13784e-02	
3.42241e-06	2.97648e-02	2.78401e-02	
3.42477e-06	2.91899e-03	2.43049e-02	
3.42712e-06	-2.39587e-02	2.01976e-02	
3.42948e-06	-5.07404e-02	1.51095e-02	
3.43184e-06	-7.67284e-02	9.19759e-03	
3.43420e-06	-1.01178e-01	3.11194e-03	
3.43656e-06	-1.24099e-01	-2.48372e-03	
3.43892e-06	-1.45669e-01	-7.39240e-03	
3.44128e-06	-1.64961e-01	-1.19645e-02	
3.44364e-06	-1.80863e-01	-1.67216e-02	
3.44599e-06	-1.93395e-01	-2.18529e-02	
3.44835e-06	-2.02890e-01	-2.70110e-02	
3.45071e-06	-2.09153e-01	-3.15680e-02	
3.45307e-06	-2.12042e-01	-3.50962e-02	
3.45543e-06	-2.11718e-01	-3.76554e-02	
3.45779e-06	-2.08353e-01	-3.96552e-02	
3.46015e-06	-2.01944e-01	-4.14345e-02	
3.46250e-06	-1.92285e-01	-4.29408e-02	
3.46486e-06	-1.79438e-01	-4.37815e-02	
3.46722e-06	-1.63675e-01	-4.35813e-02	
3.46958e-06	-1.45194e-01	-4.23125e-02	
3.47194e-06	-1.24173e-01	-4.03069e-02	
3.47430e-06	-1.00912e-01	-3.79583e-02	
3.47666e-06	-7.58778e-02	-3.53964e-02	
3.47902e-06	-4.94841e-02	-3.24236e-02	
3.48137e-06	-2.21631e-02	-2.87513e-02	
3.48373e-06	5.33223e-03	-2.43014e-02	
3.48609e-06	3.24840e-02	-1.93016e-02	
3.48845e-06	5.90627e-02	-1.41100e-02	
3.49081e-06	8.43825e-02	-8.95586e-03	
3.49317e-06	1.07836e-01	-3.84031e-03	
3.49553e-06	1.29400e-01	1.34093e-03	
3.49788e-06	1.49145e-01	6.60502e-03	
3.50024e-06	1.66518e-01	1.18217e-02	
3.50260e-06	1.80805e-01	1.68259e-02	
3.50496e-06	1.91781e-01	2.15539e-02	
3.50732e-06	1.99416e-01	2.60374e-02	
3.50968e-06	2.03811e-01	3.02578e-02	
3.51204e-06	2.04979e-01	3.40365e-02	
3.51439e-06	2.02805e-01	3.71154e-02	
3.51675e-06	1.97377e-01	3.93768e-02	
3.51911e-06	1.89106e-01	4.09728e-02	
3.52147e-06	1.78089e-01	4.21900e-02	
3.52383e-06	1.63909e-01	4.31371e-02	
3.52619e-06	1.46509e-01	4.35588e-02	
3.52855e-06	1.26319e-01	4.30009e-02	
3.53091e-06	1.03786e-01	4.12238e-02	
3.53326e-06	7.94110e-02	3.84853e-02	
3.53562e-06	5.37526e-02	3.53847e-02	
3.53798e-06	2.72326e-02	3.23568e-02	
3.54034e-06	1.31581e-04	2.92674e-02	
3.54270e-06	-2.70394e-02	2.55214e-02	
3.54506e-06	-5.37189e-02	2.06460e-02	
3.54742e-06	-7.98606e-02	1.48375e-02	
3.54977e-06	-1.05177e-01	8.93758e-03	
3.55213e-06	-1.28687e-01	3.79149e-03	
3.55449e-06	-1.49792e-01	-4.71312e-04	
3.55685e-06	-1.68415e-01	-4.56750e-03	
3.55921e-06	-1.84343e-01	-9.42461e-03	
3.56157e-06	-1.97386e-01	-1.53043e-02	
3.56393e-06	-2.07434e-01	-2.14705e-02	
3.56629e-06	-2.14232e-01	-2.67376e-02	
3.56864e-06	-2.17473e-01	-3.04441e-02	
3.57100e-06	-2.17238e-01	-3.29844e-02	
3.57336e-06	-2.14018e-01	-3.54030e-02	
3.57572e-06	-2.08064e-01	-3.83942e-02	
3.57808e-06	-1.98913e-01	-4.16098e-02	
3.58044e-06	-1.86052e-01	-4.39170e-02	
3.58280e-06	-1.69838e-01	-4.43902e-02	
3.58515e-06	-1.51116e-01	-4.31380e-02	
3.58751e-06	-1.30199e-01	-4.12023e-02	
3.58987e-06	-1.06915e-01	-3.96082e-02	
3.59223e-06	-8.16572e-02	-3.84362e-02	
3.59459e-06	-5.53454e-02	-3.67768e-02	
3.59695e-06	-2.83149e-02	-3.36211e-02	
3.59931e-06	-2.59330e-04	-2.88623e-02	
3.60167e-06	2.86184e-02	-2.34674e-02	
3.60402e-06	5.70766e-02	-1.86382e-02	
3.60638e-06	8.40480e-02	-1.47317e-02	
3.60874e-06	1.09383e-01	-1.09531e-02	
3.61110e-06	1.32795e-01	-6.13304e-03	
3.61346e-06	1.53623e-01	1.13430e-04	
3.61582e-06	1.71577e-01	6.92425e-03	
3.61818e-06	1.86704e-01	1.28787e-02	
3.62053e-06	1.98986e-01	1.72233e-02	
3.62289e-06	2.08512e-01	2.05080e-02	
3.62525e-06	2.15070e-01	2.40319e-02	
3.62761e-06	2.18131e-01	2.85923e-02	
3.62997e-06	2.17548e-01	3.36868e-02	
3.63233e-06	2.13409e-01	3.79090e-02	
3.63469e-06	2.05790e-01	4.01837e-02	
3.63704e-06	1.94754e-01	4.07059e-02	
3.63940e-06	1.80433e-01	4.07182e-02	
3.64176e-06	1.63061e-01	4.13327e-02	
3.64412e-06	1.43030e-01	4.24893e-02	
3.64648e-06	1.20875e-01	4.30143e-02	
3.64884e-06	9.71886e-02	4.17236e-02	
3.65120e-06	7.23358e-02	3.85423e-02	
3.65356e-06	4.62648e-02	3.45989e-02	
3.65591e-06	1.90199e-02	3.12041e-02	
3.65827e-06	-8.68148e-03	2.86625e-02	
3.66063e-06	-3.57469e-02	2.60207e-02	
3.66299e-06	-6.16124e-02	2.19872e-02	
3.66535e-06	-8.62196e-02	1.61736e-02	
3.66771e-06	-1.09472e-01	9.51212e-03	
3.67007e-06	-1.30848e-01	3.46912e-03	
3.67242e-06	-1.49918e-01	-1.21728e-03	
3.67478e-06	-1.66741e-01	-5.11807e-03	
3.67714e-06	-1.80974e-01	-9.49632e-03	
3.67950e-06	-1.92156e-01	-1.50787e-02	
3.68186e-06	-2.00044e-01	-2.13465e-02	
3.68422e-06	-2.04708e-01	-2.69741e-02	
3.68658e-06	-2.06327e-01	-3.09803e-02	
3.68894e-06	-2.04824e-01	-3.35228e-02	
3.69129e-06	-1.99899e-01	-3.56336e-02	
3.69365e-06	-1.91351e-01	-3.81861e-02	
3.69601e-06	-1.79608e-01	-4.10719e-02	
3.69837e-06	-1.64898e-01	-4.33268e-02	
3.70073e-06	-1.47169e-01	-4.40390e-02	
3.70309e-06	-1.26855e-01	-4.31619e-02	
3.70545e-06	-1.04604e-01	-4.14930e-02	
3.70780e-06	-8.08915e-02	-3.98910e-02	
3.71016e-06	-5.57993e-02	-3.85023e-02	
3.71252e-06	-2.94333e-02	-3.67091e-02	
3.71488e-06	-2.31202e-03	-3.37905e-02	
3.71724e-06	2.48660e-02	-2.96236e-02	
3.71960e-06	5.15996e-02	-2.47642e-02	
3.72196e-06	7.76443e-02	-1.98869e-02	
3.72432e-06	1.02639e-01	-1.51796e-02	
3.72667e-06	1.26140e-01	-1.02885e-02	
3.72903e-06	1.47940e-01	-4.82467e-03	
3.73139e-06	1.67484e-01	1.11911e-03	
3.73375e-06	1.84123e-01	6.97791e-03	
3.73611e-06	1.97960e-01	1.22297e-02	
3.73847e-06	2.08932e-01	1.68711e-02	
3.74083e-06	2.16627e-01	2.13501e-02	
3.74318e-06	2.20584e-01	2.60170e-02	
3.74554e-06	2.20735e-01	3.06567e-02	
3.74790e-06	2.17511e-01	3.46021e-02	
3.75026e-06	2.11080e-01	3.73393e-02	
3.75262e-06	2.01591e-01	3.90053e-02	
3.75498e-06	1.89160e-01	4.02587e-02	
3.75734e-06	1.73853e-01	4.16212e-02	
3.75970e-06	1.55949e-01	4.29272e-02	
3.76205e-06	1.35601e-01	4.34368e-02	
3.76441e-06	1.12994e-01	4.25285e-02	
3.76677e-06	8.85420e-02	4.03070e-02	
3.76913e-06	6.24333e-02	3.75256e-02	
3.77149e-06	3.47836e-02	3.48827e-02	
3.77385e-06	6.20813e-03	3.23685e-02	
3.77621e-06	-2.25442e-02	2.93031e-02	
3.77856e-06	-5.10887e-02	2.50414e-02	
3.78092e-06	-7.90201e-02	1.96647e-02	
3.78328e-06	-1.05641e-01	1.39804e-02	
3.78564e-06	-1.30187e-01	8.81678e-03	
3.78800e-06	-1.52394e-01	4.29143e-03	
3.79036e-06	-1.72219e-01	-2.34923e-04	
3.79272e-06	-1.89139e-01	-5.46764e-03	
3.79507e-06	-2.02800e-01	-1.14170e-02	
3.79743e-06	-2.13427e-01	-1.73073e-02	
3.79979e-06	-2.20905e-01	-2.22476e-02	
3.80215e-06	-2.24779e-01	-2.60147e-02	
3.80451e-06	-2.24842e-01	-2.91874e-02	
3.80687e-06	-2.21198e-01	-3.25051e-02	
3.80923e-06	-2.14296e-01	-3.60819e-02	
3.81159e-06	-2.04349e-01	-3.92498e-02	
3.81394e-06	-1.91350e-01	-4.11864e-02	
3.81630e-06	-1.75607e-01	-4.17088e-02	
3.81866e-06	-1.57324e-01	-4.14474e-02	
3.82102e-06	-1.36614e-01	-4.12167e-02	
3.82338e-06	-1.13693e-01	-4.11951e-02	
3.82574e-06	-8.88867e-02	-4.07198e-02	
3.82810e-06	-6.28459e-02	-3.89154e-02	
3.83045e-06	-3.60221e-02	-3.55552e-02	
3.83281e-06	-8.59237e-03	-3.13222e-02	
3.83517e-06	1.89773e-02	-2.72074e-02	
3.83753e-06	4.61333e-02	-2.36170e-02	
3.83989e-06	7.23941e-02	-2.00413e-02	
3.84225e-06	9.73801e-02	-1.56014e-02	
3.84461e-06	1.20944e-01	-9.94575e-03	
3.84697e-06	1.42650e-01	-3.64455e-03	
3.84932e-06	1.61911e-01	2.28455e-03	
3.85168e-06	1.78577e-01	7.25231e-03	
3.85404e-06	1.92524e-01	1.15441e-02	
3.85640e-06	2.03360e-01	1.59374e-02	
3.85876e-06	2.10889e-01	2.08902e-02	
3.86112e-06	2.14999e-01	2.60828e-02	
3.86348e-06	2.15368e-01	3.07217e-02	
3.86583e-06	2.11901e-01	3.42633e-02	
3.86819e-06	2.05122e-01	3.68381e-02	
3.87055e-06	1.95572e-01	3.89898e-02	
3.87291e-06	1.83204e-01	4.10380e-02	
3.87527e-06	1.67821e-01	4.27215e-02	
3.87763e-06	1.49537e-01	4.34673e-02	
3.87999e-06	1.28628e-01	4.29839e-02	
3.88235e-06	1.05456e-01	4.15623e-02	
3.88470e-06	8.05888e-02	3.97816e-02	
3.88706e-06	5.45282e-02	3.79275e-02	
3.88942e-06	2.75038e-02	3.57171e-02	
3.89178e-06	-2.03831e-04	3.26066e-02	
3.89414e-06	-2.81475e-02	2.83696e-02	
3.89650e-06	-5.58379e-02	2.33701e-02	
3.89886e-06	-8.28537e-02	1.82671e-02	
3.90121e-06	-1.08630e-01	1.34539e-02	
3.90357e-06	-1.32612e-01	8.77939e-03	
3.90593e-06	-1.54629e-01	3.80267e-03	
3.90829e-06	-1.74624e-01	-1.70033e-03	
3.91065e-06	-1.92322e-01	-7.48277e-03	
3.91301e-06	-2.07306e-01	-1.30459e-02	
3.91537e-06	-2.19012e-01	-1.80718e-02	
3.91772e-06	-2.26903e-01	-2.26242e-02	
3.92008e-06	-2.31014e-01	-2.69445e-02	
3.92244e-06	-2.31513e-01	-3.10965e-02	
3.92480e-06	-2.28610e-01	-3.48460e-02	
3.92716e-06	-2.22450e-01	-3.78826e-02	
3.92952e-06	-2.12745e-01	-4.01189e-02	
3.93188e-06	-1.99345e-01	-4.17308e-02	
3.93424e-06	-1.82528e-01	-4.28999e-02	
3.93659e-06	-1.62648e-01	-4.35537e-02	
3.93895e-06	-1.40048e-01	-4.34025e-02	
3.94131e-06	-1.15226e-01	-4.22474e-02	
3.94367e-06	-8.84548e-02	-4.02262e-02	
3.94603e-06	-5.98743e-02	-3.77188e-02	
3.94839e-06	-2.99780e-02	-3.49900e-02	
3.95075e-06	7.55651e-04	-3.19417e-02	
3.95310e-06	3.17934e-02	-2.82429e-02	
3.95546e-06	6.23217e-02	-2.37201e-02	
3.95782e-06	9.18932e-02	-1.86071e-02	
3.96018e-06	1.20011e-01	-1.33890e-02	
3.96254e-06	1.45805e-01	-8.38832e-03	
3.96490e-06	1.68771e-01	-3.51025e-03	
3.96726e-06	1.88972e-01	1.59117e-03	
3.96962e-06	2.06713e-01	7.09456e-03	
3.97197e-06	2.21617e-01	1.27642e-02	
3.97433e-06	2.32829e-01	1.81223e-02	
3.97669e-06	2.40052e-01	2.28590e-02	
3.97905e-06	2.43529e-01	2.70576e-02	
3.98141e-06	2.43184e-01	3.10096e-02	
3.98377e-06	2.38669e-01	3.48180e-02	
3.98613e-06	2.30506e-01	3.82041e-02	
3.98848e-06	2.19269e-01	4.07213e-02	
3.99084e-06	2.04675e-01	4.21565e-02	
3.99320e-06	1.86441e-01	4.27114e-02	
3.99556e-06	1.65009e-01	4.27802e-02	
3.99792e-06	1.41205e-01	4.25533e-02	
4.00028e-06	1.15495e-01	4.18434e-02	
4.00264e-06	8.80083e-02	4.02984e-02	
4.00500e-06	5.88702e-02	3.77737e-02	
4.00735e-06	2.84970e-02	3.44904e-02	
4.00971e-06	-2.51058e-03	3.08392e-02	
4.01207e-06	-3.34999e-02	2.70471e-02	
4.01443e-06	-6.35799e-02	2.30428e-02	
4.01679e-06	-9.20716e-02	1.86277e-02	
4.01915e-06	-1.18946e-01	1.37450e-02	
4.02151e-06	-1.44080e-01	8.56506e-03	
4.02386e-06	-1.66970e-01	3.32503e-03	
4.02622e-06	-1.87102e-01	-1.87384e-03	
4.02858e-06	-2.03989e-01	-7.08407e-03	
4.03094e-06	-2.17174e-01	-1.23418e-02	
4.03330e-06	-2.26612e-01	-1.75166e-02	
4.03566e-06	-2.32775e-01	-2.23576e-02	
4.03802e-06	-2.35521e-01	-2.66838e-02	
4.04037e-06	-2.34267e-01	-3.04997e-02	
4.04273e-06	-2.28826e-01	-3.39063e-02	
4.04509e-06	-2.19589e-01	-3.69103e-02	
4.04745e-06	-2.07407e-01	-3.93540e-02	
4.04981e-06	-1.92381e-01	-4.10523e-02	
4.05217e-06	-1.74005e-01	-4.19833e-02	
4.05453e-06	-1.52354e-01	-4.23099e-02	
4.05689e-06	-1.28326e-01	-4.21877e-02	
4.05924e-06	-1.02861e-01	-4.15655e-02	
4.06160e-06	-7.60038e-02	-4.02047e-02	
4.06396e-06	-4.75013e-02	-3.79230e-02	
4.06632e-06	-1.77112e-02	-3.48148e-02	
4.06868e-06	1.26576e-02	-3.12115e-02	
4.07104e-06	4.30255e-02	-2.74085e-02	
4.07340e-06	7.29173e-02	-2.34314e-02	
4.07575e-06	1.01565e-01	-1.90809e-02	
4.07811e-06	1.28323e-01	-1.42071e-02	
4.08047e-06	1.53156e-01	-8.92853e-03	
4.08283e-06	1.76096e-01	-3.57044e-03	
4.08519e-06	1.96686e-01	1.60608e-03	
4.08755e-06	2.14236e-01	6.59750e-03	
4.08991e-06	2.28230e-01	1.15747e-02	
4.09227e-06	2.38371e-01	1.66203e-02	
4.09462e-06	2.44709e-01	2.15699e-02	
4.09698e-06	2.47428e-01	2.61215e-02	
4.09934e-06	2.46395e-01	3.00862e-02	
4.10170e-06	2.41393e-01	3.35078e-02	
4.10406e-06	2.32530e-01	3.65266e-02	
4.10642e-06	2.20140e-01	3.91444e-02	
4.10878e-06	2.04436e-01	4.11536e-02	
4.11113e-06	1.85329e-01	4.23126e-02	
4.11349e-06	1.62924e-01	4.25783e-02	
4.11585e-06	1.37551e-01	4.21449e-02	
4.11821e-06	1.09575e-01	4.12464e-02	
4.12057e-06	7.96210e-02	3.99319e-02	
4.12293e-06	4.82903e-02	3.80485e-02	
4.12529e-06	1.60374e-02	3.54396e-02	
4.12765e-06	-1.67169e-02	3.21366e-02	
4.13000e-06	-4.94611e-02	2.83429e-02	
4.13236e-06	-8.13966e-02	2.42399e-02	
4.13472e-06	-1.11933e-01	1.98420e-02	
4.13708e-06	-1.40634e-01	1.50593e-02	
4.13944e-06	-1.66882e-01	9.88913e-03	
4.14180e-06	-1.90327e-01	4.50931e-03	
4.14416e-06	-2.10809e-01	-8.40297e-04	
4.14651e-06	-2.28036e-01	-6.05502e-03	
4.14887e-06	-2.41726e-01	-1.12098e-02	
4.15123e-06	-2.51578e-01	-1.63869e-02	
4.15359e-06	-2.57652e-01	-2.14737e-02	
4.15595e-06	-2.60173e-01	-2.61682e-02	
4.15831e-06	-2.58728e-01	-3.02096e-02	
4.16067e-06	-2.53022e-01	-3.35949e-02	
4.16302e-06	-2.43371e-01	-3.65376e-02	
4.16538e-06	-2.29947e-01	-3.91913e-02	
4.16774e-06	-2.12600e-01	-4.14253e-02	
4.17010e-06	-1.91564e-01	-4.28998e-02	
4.17246e-06	-1.67593e-01	-4.33815e-02	
4.17482e-06	-1.41353e-01	-4.29779e-02	
4.17718e-06	-1.12945e-01	-4.20351e-02	
4.17954e-06	-8.24192e-02	-4.07905e-02	
4.18189e-06	-5.03801e-02	-3.91317e-02	
4.18425e-06	-1.76019e-02	-3.67177e-02	
4.18661e-06	1.53428e-02	-3.33495e-02	
4.18897e-06	4.80479e-02	-2.92178e-02	
4.19133e-06	7.98673e-02	-2.47714e-02	
4.19369e-06	1.09980e-01	-2.03332e-02	
4.19605e-06	1.37944e-01	-1.58448e-02	
4.19840e-06	1.63570e-01	-1.09931e-02	
4.20076e-06	1.86447e-01	-5.58863e-03	
4.20312e-06	2.06278e-01	1.79304e-04	
4.20548e-06	2.23162e-01	5.85903e-03	
4.20784e-06	2.36881e-01	1.10978e-02	
4.21020e-06	2.46870e-01	1.58896e-02	
4.21256e-06	2.52766e-01	2.04780e-02	
4.21492e-06	2.54501e-01	2.50298e-02	
4.21727e-06	2.51974e-01	2.94132e-02	
4.21963e-06	2.45065e-01	3.32866e-02	
4.22199e-06	2.33830e-01	3.63932e-02	
4.22435e-06	2.18532e-01	3.87568e-02	
4.22671e-06	1.99898e-01	4.05952e-02	
4.22907e-06	1.78691e-01	4.20528e-02	
4.23143e-06	1.55110e-01	4.30240e-02	
4.23378e-06	1.29084e-01	4.32360e-02	
4.23614e-06	1.00860e-01	4.24970e-02	
4.23850e-06	7.08314e-02	4.08682e-02	
4.24086e-06	3.94478e-02	3.86059e-02	
4.24322e-06	7.39419e-03	3.59446e-02	
4.24558e-06	-2.48641e-02	3.29336e-02	
4.24794e-06	-5.69213e-02	2.94641e-02	
4.25030e-06	-8.80797e-02	2.54355e-02	
4.25265e-06	-1.17688e-01	2.08878e-02	
4.25501e-06	-1.45343e-01	1.59824e-02	
4.25737e-06	-1.70945e-01	1.08738e-02	
4.25973e-06	-1.94349e-01	5.61608e-03	
4.26209e-06	-2.15056e-01	1.99274e-04	
4.26445e-06	-2.32549e-01	-5.33241e-03	
4.26681e-06	-2.46566e-01	-1.08144e-02	
4.26916e-06	-2.56919e-01	-1.60298e-02	
4.27152e-06	-2.63301e-01	-2.08499e-02	
4.27388e-06	-2.65337e-01	-2.53015e-02	
4.27624e-06	-2.62888e-01	-2.94755e-02	
4.27860e-06	-2.56117e-01	-3.33550e-02	
4.28096e-06	-2.45079e-01	-3.67378e-02	
4.28332e-06	-2.29933e-01	-3.93550e-02	
4.28567e-06	-2.11360e-01	-4.10931e-02	
4.28803e-06	-1.89879e-01	-4.21009e-02	
4.29039e-06	-1.65329e-01	-4.26471e-02	
4.29275e-06	-1.37716e-01	-4.28360e-02	
4.29511e-06	-1.07659e-01	-4.24560e-02	
4.29747e-06	-7.60577e-02	-4.11401e-02	
4.29983e-06	-4.35801e-02	-3.87244e-02	
4.30219e-06	-1.02469e-02	-3.54697e-02	
4.30454e-06	2.37777e-02	-3.19047e-02	
4.30690e-06	5.75553e-02	-2.84008e-02	
4.30926e-06	9.01658e-02	-2.48679e-02	
4.31162e-06	1.21413e-01	-2.08740e-02	
4.31398e-06	1.51285e-01	-1.60958e-02	
4.31634e-06	1.78941e-01	-1.06777e-02	
4.31870e-06	2.03441e-01	-5.14914e-03	
4.32105e-06	2.24609e-01	2.38580e-05	
4.32341e-06	2.42565e-01	4.81436e-03	
4.32577e-06	2.57139e-01	9.56996e-03	
4.32813e-06	2.67886e-01	1.45814e-02	
4.33049e-06	2.74521e-01	1.97275e-02	
4.33285e-06	2.76822e-01	2.45557e-02	
4.33521e-06	2.74523e-01	2.87044e-02	
4.33757e-06	2.67786e-01	3.22179e-02	
4.33992e-06	2.57127e-01	3.54215e-02	
4.34228e-06	2.42790e-01	3.84924e-02	
4.34464e-06	2.24892e-01	4.11874e-02	
4.34700e-06	2.03519e-01	4.30245e-02	
4.34936e-06	1.78853e-01	4.37353e-02	
4.35172e-06	1.51407e-01	4.35120e-02	
4.35408e-06	1.21517e-01	4.27884e-02	
4.35643e-06	8.92396e-02	4.17841e-02	
4.35879e-06	5.52557e-02	4.02903e-02	
4.36115e-06	2.08053e-02	3.79147e-02	
4.36351e-06	-1.33990e-02	3.45184e-02	
4.36587e-06	-4.73617e-02	3.03822e-02	
4.36823e-06	-8.08656e-02	2.59385e-02	
4.37059e-06	-1.12980e-01	2.13714e-02	
4.37295e-06	-1.42771e-01	1.65145e-02	
4.37530e-06	-1.69917e-01	1.11412e-02	
4.37766e-06	-1.94360e-01	5.31552e-03	
4.38002e-06	-2.15816e-01	-5.79866e-04	
4.38238e-06	-2.33911e-01	-6.15666e-03	
4.38474e-06	-2.48360e-01	-1.13190e-02	
4.38710e-06	-2.58968e-01	-1.62235e-02	
4.38946e-06	-2.65426e-01	-2.09663e-02	
4.39181e-06	-2.67435e-01	-2.53689e-02	
4.39417e-06	-2.65045e-01	-2.91163e-02	
4.39653e-06	-2.58365e-01	-3.20936e-02	
4.39889e-06	-2.47561e-01	-3.45381e-02	
4.40125e-06	-2.32811e-01	-3.68187e-02	
4.40361e-06	-2.14426e-01	-3.90681e-02	
4.40597e-06	-1.93047e-01	-4.10530e-02	
4.40832e-06	-1.68966e-01	-4.24060e-02	
4.41068e-06	-1.42372e-01	-4.29523e-02	
4.41304e-06	-1.13766e-01	-4.27821e-02	
4.41540e-06	-8.35841e-02	-4.20233e-02	
4.41776e-06	-5.22086e-02	-4.06060e-02	
4.42012e-06	-2.00119e-02	-3.83059e-02	
4.42248e-06	1.26863e-02	-3.50156e-02	
4.42484e-06	4.51919e-02	-3.09255e-02	
4.42719e-06	7.68598e-02	-2.63995e-02	
4.42955e-06	1.07606e-01	-2.16827e-02	
4.43191e-06	1.37156e-01	-1.67689e-02	
4.43427e-06	1.64790e-01	-1.15605e-02	
4.43663e-06	1.89683e-01	-6.10899e-03	
4.43899e-06	2.11395e-01	-6.32554e-04	
4.44135e-06	2.29857e-01	4.71437e-03	
4.44370e-06	2.45084e-01	1.00284e-02	
4.44606e-06	2.56922e-01	1.55351e-02	
4.44842e-06	2.64917e-01	2.12505e-02	
4.45078e-06	2.68613e-01	2.68025e-02	
4.45314e-06	2.67690e-01	3.16461e-02	
4.45550e-06	2.62247e-01	3.54791e-02	
4.45786e-06	2.52497e-01	3.84267e-02	
4.46022e-06	2.38606e-01	4.07981e-02	
4.46257e-06	2.20695e-01	4.26860e-02	
4.46493e-06	1.99027e-01	4.38535e-02	
4.46729e-06	1.74434e-01	4.40331e-02	
4.46965e-06	1.47845e-01	4.32928e-02	
4.47201e-06	1.19727e-01	4.20371e-02	
4.47437e-06	9.01152e-02	4.06142e-02	
4.47673e-06	5.92169e-02	3.89496e-02	
4.47908e-06	2.74636e-02	3.66185e-02	
4.48144e-06	-4.72257e-03	3.32949e-02	
4.48380e-06	-3.71034e-02	2.91067e-02	
4.48616e-06	-6.94796e-02	2.45230e-02	
4.48852e-06	-1.01320e-01	1.99138e-02	
4.49088e-06	-1.31951e-01	1.52689e-02	
4.49324e-06	-1.60659e-01	1.03683e-02	
4.49560e-06	-1.86966e-01	5.17768e-03	
4.49795e-06	-2.10634e-01	-1.04068e-05	
4.50031e-06	-2.31261e-01	-4.86862e-03	
4.50267e-06	-2.48239e-01	-9.43062e-03	
4.50503e-06	-2.61138e-01	-1.41161e-02	
4.50739e-06	-2.69783e-01	-1.93092e-02	
4.50975e-06	-2.73970e-01	-2.49133e-02	
4.51211e-06	-2.73489e-01	-3.03518e-02	
4.51446e-06	-2.68371e-01	-3.50152e-02	
4.51682e-06	-2.59127e-01	-3.86914e-02	
4.51918e-06	-2.46324e-01	-4.15560e-02	
4.52154e-06	-2.30066e-01	-4.37879e-02	
4.52390e-06	-2.10154e-01	-4.52716e-02	
4.52626e-06	-1.86601e-01	-4.57115e-02	
4.52862e-06	-1.59633e-01	-4.50037e-02	
4.53097e-06	-1.29704e-01	-4.34207e-02	
4.53333e-06	-9.77638e-02	-4.13896e-02	
4.53569e-06	-6.48385e-02	-3.91097e-02	
4.53805e-06	-3.15026e-02	-3.64271e-02	
4.54041e-06	1.90463e-03	-3.30834e-02	
4.54277e-06	3.48185e-02	-2.90397e-02	
4.54513e-06	6.68001e-02	-2.45140e-02	
4.54749e-06	9.76086e-02	-1.97251e-02	
4.54984e-06	1.27067e-01	-1.46735e-02	
4.55220e-06	1.54879e-01	-9.22943e-03	
4.55456e-06	1.80465e-01	-3.41867e-03	
4.55692e-06	2.03386e-01	2.44734e-03	
4.55928e-06	2.23281e-01	7.96963e-03	
4.56164e-06	2.39574e-01	1.29724e-02	
4.56400e-06	2.51619e-01	1.75737e-02	
4.56635e-06	2.59155e-01	2.19446e-02	
4.56871e-06	2.62346e-01	2.60503e-02	
4.57107e-06	2.61618e-01	2.96876e-02	
4.57343e-06	2.57233e-01	3.27716e-02	
4.57579e-06	2.49002e-01	3.55072e-02	
4.57815e-06	2.36973e-01	3.81930e-02	
4.58051e-06	2.21430e-01	4.08336e-02	
4.58287e-06	2.02555e-01	4.29945e-02	
4.58522e-06	1.80534e-01	4.41028e-02	
4.58758e-06	1.55602e-01	4.39208e-02	
4.58994e-06	1.28277e-01	4.27174e-02	
4.59230e-06	9.91853e-02	4.09727e-02	
4.59466e-06	6.86382e-02	3.89369e-02	
4.59702e-06	3.69591e-02	3.64933e-02	
4.59938e-06	4.62753e-03	3.34200e-02	
4.60173e-06	-2.80323e-02	2.97137e-02	
4.60409e-06	-6.06781e-02	2.56002e-02	
4.60645e-06	-9.27792e-02	2.12479e-02	
4.60881e-06	-1.23728e-01	1.65460e-02	
4.61117e-06	-1.52937e-01	1.12329e-02	
4.61353e-06	-1.79706e-01	5.24589e-03	
4.61589e-06	-2.03531e-01	-1.09708e-03	
4.61825e-06	-2.24200e-01	-7.29094e-03	
4.62060e-06	-2.41439e-01	-1.30047e-02	
4.62296e-06	-2.55179e-01	-1.82291e-02	
4.62532e-06	-2.65212e-01	-2.30848e-02	
4.62768e-06	-2.70954e-01	-2.75438e-02	
4.63004e-06	-2.72139e-01	-3.13913e-02	
4.63240e-06	-2.68974e-01	-3.44536e-02	
4.63476e-06	-2.61803e-01	-3.68038e-02	
4.63711e-06	-2.50869e-01	-3.86935e-02	
4.63947e-06	-2.36353e-01	-4.02887e-02	
4.64183e-06	-2.18137e-01	-4.15119e-02	
4.64419e-06	-1.95904e-01	-4.21615e-02	
4.64655e-06	-1.69775e-01	-4.21466e-02	
4.64891e-06	-1.40608e-01	-4.15487e-02	
4.65127e-06	-1.09458e-01	-4.04474e-02	
4.65363e-06	-7.69788e-02	-3.87436e-02	
4.65598e-06	-4.35725e-02	-3.62302e-02	
4.65834e-06	-9.72916e-03	-3.28545e-02	
4.66070e-06	2.40490e-02	-2.88666e-02	
4.66306e-06	5.75055e-02	-2.46477e-02	
4.66542e-06	9.04025e-02	-2.03739e-02	
4.66778e-06	1.22214e-01	-1.58749e-02	
4.67014e-06	1.52319e-01	-1.08565e-02	
4.67249e-06	1.80330e-01	-5.26273e-03	
4.67485e-06	2.05898e-01	5.95296e-04	
4.67721e-06	2.28478e-01	6.26339e-03	
4.67957e-06	2.47379e-01	1.14726e-02	
4.68193e-06	2.62217e-01	1.62403e-02	
4.68429e-06	2.73124e-01	2.06917e-02	
4.68665e-06	2.79936e-01	2.48499e-02	
4.68900e-06	2.82250e-01	2.86323e-02	
4.69136e-06	2.79899e-01	3.20014e-02	
4.69372e-06	2.72841e-01	3.50247e-02	
4.69608e-06	2.61199e-01	3.77277e-02	
4.69844e-06	2.45159e-01	3.99198e-02	
4.70080e-06	2.25146e-01	4.12562e-02	
4.70316e-06	2.01773e-01	4.15437e-02	
4.70552e-06	1.75456e-01	4.09826e-02	
4.70787e-06	1.46370e-01	4.00497e-02	
4.71023e-06	1.14821e-01	3.90806e-02	
4.71259e-06	8.15092e-02	3.79451e-02	
4.71495e-06	4.72338e-02	3.61425e-02	
