#$t$ (s)	$E_y$ (V/m)	(600,40)	(600,60)	
0.00000e+00	0.00000e+00	0.00000e+00	
2.35865e-09	0.00000e+00	0.00000e+00	
4.71731e-09	0.00000e+00	0.00000e+00	
7.07596e-09	0.00000e+00	0.00000e+00	
9.43462e-09	0.00000e+00	0.00000e+00	
1.17933e-08	0.00000e+00	0.00000e+00	
1.41519e-08	0.00000e+00	0.00000e+00	
1.65106e-08	0.00000e+00	0.00000e+00	
1.88692e-08	0.00000e+00	0.00000e+00	
2.12279e-08	0.00000e+00	0.00000e+00	
2.35865e-08	0.00000e+00	0.00000e+00	
2.59452e-08	0.00000e+00	0.00000e+00	
2.83039e-08	0.00000e+00	0.00000e+00	
3.06625e-08	0.00000e+00	0.00000e+00	
3.30212e-08	0.00000e+00	0.00000e+00	
3.53798e-08	0.00000e+00	0.00000e+00	
3.77385e-08	0.00000e+00	0.00000e+00	
4.00971e-08	0.00000e+00	0.00000e+00	
4.24558e-08	0.00000e+00	0.00000e+00	
4.48144e-08	0.00000e+00	0.00000e+00	
4.71731e-08	0.00000e+00	0.00000e+00	
4.95317e-08	0.00000e+00	0.00000e+00	
5.18904e-08	0.00000e+00	0.00000e+00	
5.42490e-08	0.00000e+00	0.00000e+00	
5.66077e-08	0.00000e+00	0.00000e+00	
5.89664e-08	0.00000e+00	0.00000e+00	
6.13250e-08	0.00000e+00	0.00000e+00	
6.36837e-08	0.00000e+00	0.00000e+00	
6.60423e-08	0.00000e+00	0.00000e+00	
6.84010e-08	0.00000e+00	0.00000e+00	
7.07596e-08	0.00000e+00	0.00000e+00	
7.31183e-08	0.00000e+00	0.00000e+00	
7.54769e-08	0.00000e+00	0.00000e+00	
7.78356e-08	0.00000e+00	0.00000e+00	
8.01942e-08	0.00000e+00	0.00000e+00	
8.25529e-08	0.00000e+00	0.00000e+00	
8.49116e-08	0.00000e+00	0.00000e+00	
8.72702e-08	0.00000e+00	0.00000e+00	
8.96289e-08	0.00000e+00	0.00000e+00	
9.19875e-08	0.00000e+00	0.00000e+00	
9.43462e-08	0.00000e+00	0.00000e+00	
9.67048e-08	0.00000e+00	0.00000e+00	
9.90635e-08	0.00000e+00	0.00000e+00	
1.01422e-07	0.00000e+00	0.00000e+00	
1.03781e-07	0.00000e+00	0.00000e+00	
1.06139e-07	0.00000e+00	0.00000e+00	
1.08498e-07	0.00000e+00	0.00000e+00	
1.10857e-07	0.00000e+00	0.00000e+00	
1.13215e-07	0.00000e+00	0.00000e+00	
1.15574e-07	0.00000e+00	0.00000e+00	
1.17933e-07	0.00000e+00	0.00000e+00	
1.20291e-07	0.00000e+00	0.00000e+00	
1.22650e-07	0.00000e+00	0.00000e+00	
1.25009e-07	0.00000e+00	0.00000e+00	
1.27367e-07	0.00000e+00	0.00000e+00	
1.29726e-07	0.00000e+00	0.00000e+00	
1.32085e-07	0.00000e+00	0.00000e+00	
1.34443e-07	0.00000e+00	0.00000e+00	
1.36802e-07	0.00000e+00	0.00000e+00	
1.39161e-07	0.00000e+00	0.00000e+00	
1.41519e-07	0.00000e+00	0.00000e+00	
1.43878e-07	0.00000e+00	0.00000e+00	
1.46237e-07	0.00000e+00	0.00000e+00	
1.48595e-07	0.00000e+00	0.00000e+00	
1.50954e-07	0.00000e+00	0.00000e+00	
1.53313e-07	0.00000e+00	0.00000e+00	
1.55671e-07	0.00000e+00	0.00000e+00	
1.58030e-07	0.00000e+00	0.00000e+00	
1.60388e-07	0.00000e+00	0.00000e+00	
1.62747e-07	0.00000e+00	0.00000e+00	
1.65106e-07	0.00000e+00	0.00000e+00	
1.67464e-07	0.00000e+00	0.00000e+00	
1.69823e-07	0.00000e+00	0.00000e+00	
1.72182e-07	0.00000e+00	0.00000e+00	
1.74540e-07	0.00000e+00	0.00000e+00	
1.76899e-07	0.00000e+00	0.00000e+00	
1.79258e-07	0.00000e+00	0.00000e+00	
1.81616e-07	0.00000e+00	0.00000e+00	
1.83975e-07	0.00000e+00	0.00000e+00	
1.86334e-07	0.00000e+00	0.00000e+00	
1.88692e-07	0.00000e+00	0.00000e+00	
1.91051e-07	0.00000e+00	0.00000e+00	
1.93410e-07	0.00000e+00	0.00000e+00	
1.95768e-07	0.00000e+00	0.00000e+00	
1.98127e-07	0.00000e+00	0.00000e+00	
2.00486e-07	0.00000e+00	0.00000e+00	
2.02844e-07	0.00000e+00	0.00000e+00	
2.05203e-07	0.00000e+00	0.00000e+00	
2.07562e-07	0.00000e+00	0.00000e+00	
2.09920e-07	0.00000e+00	0.00000e+00	
2.12279e-07	0.00000e+00	0.00000e+00	
2.14638e-07	0.00000e+00	0.00000e+00	
2.16996e-07	0.00000e+00	0.00000e+00	
2.19355e-07	0.00000e+00	0.00000e+00	
2.21714e-07	0.00000e+00	0.00000e+00	
2.24072e-07	0.00000e+00	0.00000e+00	
2.26431e-07	0.00000e+00	0.00000e+00	
2.28789e-07	0.00000e+00	0.00000e+00	
2.31148e-07	0.00000e+00	0.00000e+00	
2.33507e-07	0.00000e+00	0.00000e+00	
2.35865e-07	0.00000e+00	0.00000e+00	
2.38224e-07	0.00000e+00	0.00000e+00	
2.40583e-07	0.00000e+00	0.00000e+00	
2.42941e-07	0.00000e+00	0.00000e+00	
2.45300e-07	0.00000e+00	0.00000e+00	
2.47659e-07	0.00000e+00	0.00000e+00	
2.50017e-07	0.00000e+00	0.00000e+00	
2.52376e-07	0.00000e+00	0.00000e+00	
2.54735e-07	0.00000e+00	0.00000e+00	
2.57093e-07	0.00000e+00	0.00000e+00	
2.59452e-07	0.00000e+00	0.00000e+00	
2.61811e-07	0.00000e+00	0.00000e+00	
2.64169e-07	0.00000e+00	0.00000e+00	
2.66528e-07	0.00000e+00	0.00000e+00	
2.68887e-07	0.00000e+00	0.00000e+00	
2.71245e-07	0.00000e+00	0.00000e+00	
2.73604e-07	0.00000e+00	0.00000e+00	
2.75963e-07	0.00000e+00	0.00000e+00	
2.78321e-07	0.00000e+00	0.00000e+00	
2.80680e-07	0.00000e+00	0.00000e+00	
2.83039e-07	0.00000e+00	0.00000e+00	
2.85397e-07	0.00000e+00	0.00000e+00	
2.87756e-07	0.00000e+00	0.00000e+00	
2.90114e-07	0.00000e+00	0.00000e+00	
2.92473e-07	0.00000e+00	0.00000e+00	
2.94832e-07	0.00000e+00	0.00000e+00	
2.97190e-07	0.00000e+00	0.00000e+00	
2.99549e-07	0.00000e+00	0.00000e+00	
3.01908e-07	0.00000e+00	0.00000e+00	
3.04266e-07	0.00000e+00	0.00000e+00	
3.06625e-07	0.00000e+00	0.00000e+00	
3.08984e-07	0.00000e+00	0.00000e+00	
3.11342e-07	0.00000e+00	0.00000e+00	
3.13701e-07	0.00000e+00	0.00000e+00	
3.16060e-07	0.00000e+00	0.00000e+00	
3.18418e-07	0.00000e+00	0.00000e+00	
3.20777e-07	0.00000e+00	0.00000e+00	
3.23136e-07	0.00000e+00	0.00000e+00	
3.25494e-07	0.00000e+00	0.00000e+00	
3.27853e-07	0.00000e+00	0.00000e+00	
3.30212e-07	0.00000e+00	0.00000e+00	
3.32570e-07	0.00000e+00	0.00000e+00	
3.34929e-07	0.00000e+00	0.00000e+00	
3.37288e-07	0.00000e+00	0.00000e+00	
3.39646e-07	0.00000e+00	0.00000e+00	
3.42005e-07	0.00000e+00	0.00000e+00	
3.44364e-07	0.00000e+00	0.00000e+00	
3.46722e-07	0.00000e+00	0.00000e+00	
3.49081e-07	0.00000e+00	0.00000e+00	
3.51439e-07	0.00000e+00	0.00000e+00	
3.53798e-07	0.00000e+00	0.00000e+00	
3.56157e-07	0.00000e+00	0.00000e+00	
3.58515e-07	0.00000e+00	0.00000e+00	
3.60874e-07	0.00000e+00	0.00000e+00	
3.63233e-07	0.00000e+00	0.00000e+00	
3.65591e-07	0.00000e+00	0.00000e+00	
3.67950e-07	0.00000e+00	0.00000e+00	
3.70309e-07	0.00000e+00	0.00000e+00	
3.72667e-07	0.00000e+00	0.00000e+00	
3.75026e-07	0.00000e+00	0.00000e+00	
3.77385e-07	0.00000e+00	0.00000e+00	
3.79743e-07	0.00000e+00	0.00000e+00	
3.82102e-07	0.00000e+00	0.00000e+00	
3.84461e-07	0.00000e+00	0.00000e+00	
3.86819e-07	0.00000e+00	0.00000e+00	
3.89178e-07	0.00000e+00	0.00000e+00	
3.91537e-07	0.00000e+00	0.00000e+00	
3.93895e-07	0.00000e+00	0.00000e+00	
3.96254e-07	0.00000e+00	0.00000e+00	
3.98613e-07	0.00000e+00	0.00000e+00	
4.00971e-07	0.00000e+00	0.00000e+00	
4.03330e-07	0.00000e+00	0.00000e+00	
4.05689e-07	0.00000e+00	0.00000e+00	
4.08047e-07	0.00000e+00	0.00000e+00	
4.10406e-07	0.00000e+00	0.00000e+00	
4.12765e-07	0.00000e+00	0.00000e+00	
4.15123e-07	0.00000e+00	0.00000e+00	
4.17482e-07	0.00000e+00	0.00000e+00	
4.19840e-07	0.00000e+00	0.00000e+00	
4.22199e-07	0.00000e+00	0.00000e+00	
4.24558e-07	0.00000e+00	0.00000e+00	
4.26916e-07	0.00000e+00	0.00000e+00	
4.29275e-07	0.00000e+00	0.00000e+00	
4.31634e-07	0.00000e+00	0.00000e+00	
4.33992e-07	0.00000e+00	0.00000e+00	
4.36351e-07	0.00000e+00	0.00000e+00	
4.38710e-07	0.00000e+00	0.00000e+00	
4.41068e-07	0.00000e+00	0.00000e+00	
4.43427e-07	0.00000e+00	0.00000e+00	
4.45786e-07	0.00000e+00	0.00000e+00	
4.48144e-07	0.00000e+00	0.00000e+00	
4.50503e-07	0.00000e+00	0.00000e+00	
4.52862e-07	0.00000e+00	0.00000e+00	
4.55220e-07	0.00000e+00	0.00000e+00	
4.57579e-07	0.00000e+00	0.00000e+00	
4.59938e-07	0.00000e+00	0.00000e+00	
4.62296e-07	0.00000e+00	0.00000e+00	
4.64655e-07	0.00000e+00	0.00000e+00	
4.67014e-07	0.00000e+00	0.00000e+00	
4.69372e-07	0.00000e+00	0.00000e+00	
4.71731e-07	0.00000e+00	0.00000e+00	
4.74090e-07	0.00000e+00	0.00000e+00	
4.76448e-07	0.00000e+00	0.00000e+00	
4.78807e-07	0.00000e+00	0.00000e+00	
4.81165e-07	0.00000e+00	0.00000e+00	
4.83524e-07	0.00000e+00	0.00000e+00	
4.85883e-07	0.00000e+00	0.00000e+00	
4.88241e-07	0.00000e+00	0.00000e+00	
4.90600e-07	0.00000e+00	0.00000e+00	
4.92959e-07	0.00000e+00	0.00000e+00	
4.95317e-07	0.00000e+00	0.00000e+00	
4.97676e-07	0.00000e+00	0.00000e+00	
5.00035e-07	0.00000e+00	0.00000e+00	
5.02393e-07	0.00000e+00	0.00000e+00	
5.04752e-07	0.00000e+00	0.00000e+00	
5.07111e-07	0.00000e+00	0.00000e+00	
5.09469e-07	0.00000e+00	0.00000e+00	
5.11828e-07	0.00000e+00	0.00000e+00	
5.14187e-07	0.00000e+00	0.00000e+00	
5.16545e-07	0.00000e+00	0.00000e+00	
5.18904e-07	0.00000e+00	0.00000e+00	
5.21263e-07	0.00000e+00	0.00000e+00	
5.23621e-07	0.00000e+00	0.00000e+00	
5.25980e-07	0.00000e+00	0.00000e+00	
5.28339e-07	0.00000e+00	0.00000e+00	
5.30697e-07	0.00000e+00	0.00000e+00	
5.33056e-07	0.00000e+00	0.00000e+00	
5.35415e-07	0.00000e+00	0.00000e+00	
5.37773e-07	0.00000e+00	0.00000e+00	
5.40132e-07	0.00000e+00	0.00000e+00	
5.42490e-07	0.00000e+00	0.00000e+00	
5.44849e-07	0.00000e+00	0.00000e+00	
5.47208e-07	0.00000e+00	0.00000e+00	
5.49566e-07	0.00000e+00	0.00000e+00	
5.51925e-07	0.00000e+00	0.00000e+00	
5.54284e-07	0.00000e+00	0.00000e+00	
5.56642e-07	0.00000e+00	0.00000e+00	
5.59001e-07	0.00000e+00	0.00000e+00	
5.61360e-07	0.00000e+00	0.00000e+00	
5.63718e-07	0.00000e+00	0.00000e+00	
5.66077e-07	0.00000e+00	0.00000e+00	
5.68436e-07	0.00000e+00	0.00000e+00	
5.70794e-07	0.00000e+00	0.00000e+00	
5.73153e-07	0.00000e+00	0.00000e+00	
5.75512e-07	0.00000e+00	0.00000e+00	
5.77870e-07	0.00000e+00	0.00000e+00	
5.80229e-07	0.00000e+00	0.00000e+00	
5.82588e-07	0.00000e+00	0.00000e+00	
5.84946e-07	0.00000e+00	0.00000e+00	
5.87305e-07	0.00000e+00	0.00000e+00	
5.89664e-07	0.00000e+00	0.00000e+00	
5.92022e-07	0.00000e+00	0.00000e+00	
5.94381e-07	0.00000e+00	0.00000e+00	
5.96740e-07	0.00000e+00	0.00000e+00	
5.99098e-07	0.00000e+00	0.00000e+00	
6.01457e-07	0.00000e+00	0.00000e+00	
6.03816e-07	0.00000e+00	0.00000e+00	
6.06174e-07	0.00000e+00	0.00000e+00	
6.08533e-07	0.00000e+00	0.00000e+00	
6.10891e-07	0.00000e+00	0.00000e+00	
6.13250e-07	0.00000e+00	0.00000e+00	
6.15609e-07	0.00000e+00	0.00000e+00	
6.17967e-07	0.00000e+00	0.00000e+00	
6.20326e-07	0.00000e+00	0.00000e+00	
6.22685e-07	0.00000e+00	0.00000e+00	
6.25043e-07	0.00000e+00	0.00000e+00	
6.27402e-07	0.00000e+00	0.00000e+00	
6.29761e-07	0.00000e+00	0.00000e+00	
6.32119e-07	0.00000e+00	0.00000e+00	
6.34478e-07	0.00000e+00	0.00000e+00	
6.36837e-07	0.00000e+00	0.00000e+00	
6.39195e-07	0.00000e+00	0.00000e+00	
6.41554e-07	0.00000e+00	0.00000e+00	
6.43913e-07	0.00000e+00	0.00000e+00	
6.46271e-07	0.00000e+00	0.00000e+00	
6.48630e-07	0.00000e+00	0.00000e+00	
6.50989e-07	0.00000e+00	0.00000e+00	
6.53347e-07	0.00000e+00	0.00000e+00	
6.55706e-07	0.00000e+00	0.00000e+00	
6.58065e-07	0.00000e+00	0.00000e+00	
6.60423e-07	0.00000e+00	0.00000e+00	
6.62782e-07	0.00000e+00	0.00000e+00	
6.65141e-07	0.00000e+00	0.00000e+00	
6.67499e-07	0.00000e+00	0.00000e+00	
6.69858e-07	0.00000e+00	0.00000e+00	
6.72216e-07	0.00000e+00	0.00000e+00	
6.74575e-07	0.00000e+00	0.00000e+00	
6.76934e-07	0.00000e+00	0.00000e+00	
6.79292e-07	0.00000e+00	0.00000e+00	
6.81651e-07	0.00000e+00	0.00000e+00	
6.84010e-07	0.00000e+00	0.00000e+00	
6.86368e-07	0.00000e+00	0.00000e+00	
6.88727e-07	0.00000e+00	0.00000e+00	
6.91086e-07	0.00000e+00	0.00000e+00	
6.93444e-07	0.00000e+00	0.00000e+00	
6.95803e-07	0.00000e+00	0.00000e+00	
6.98162e-07	0.00000e+00	0.00000e+00	
7.00520e-07	0.00000e+00	0.00000e+00	
7.02879e-07	0.00000e+00	0.00000e+00	
7.05238e-07	0.00000e+00	0.00000e+00	
7.07596e-07	0.00000e+00	0.00000e+00	
7.09955e-07	0.00000e+00	0.00000e+00	
7.12314e-07	0.00000e+00	0.00000e+00	
7.14672e-07	0.00000e+00	0.00000e+00	
7.17031e-07	0.00000e+00	0.00000e+00	
7.19390e-07	0.00000e+00	0.00000e+00	
7.21748e-07	0.00000e+00	0.00000e+00	
7.24107e-07	0.00000e+00	0.00000e+00	
7.26466e-07	0.00000e+00	0.00000e+00	
7.28824e-07	0.00000e+00	0.00000e+00	
7.31183e-07	0.00000e+00	0.00000e+00	
7.33541e-07	0.00000e+00	0.00000e+00	
7.35900e-07	0.00000e+00	0.00000e+00	
7.38259e-07	0.00000e+00	0.00000e+00	
7.40617e-07	0.00000e+00	0.00000e+00	
7.42976e-07	0.00000e+00	0.00000e+00	
7.45335e-07	0.00000e+00	0.00000e+00	
7.47693e-07	0.00000e+00	0.00000e+00	
7.50052e-07	0.00000e+00	0.00000e+00	
7.52411e-07	0.00000e+00	0.00000e+00	
7.54769e-07	0.00000e+00	0.00000e+00	
7.57128e-07	0.00000e+00	0.00000e+00	
7.59487e-07	0.00000e+00	0.00000e+00	
7.61845e-07	0.00000e+00	0.00000e+00	
7.64204e-07	0.00000e+00	0.00000e+00	
7.66563e-07	0.00000e+00	0.00000e+00	
7.68921e-07	0.00000e+00	0.00000e+00	
7.71280e-07	0.00000e+00	0.00000e+00	
7.73639e-07	0.00000e+00	0.00000e+00	
7.75997e-07	0.00000e+00	0.00000e+00	
7.78356e-07	0.00000e+00	0.00000e+00	
7.80715e-07	0.00000e+00	0.00000e+00	
7.83073e-07	0.00000e+00	0.00000e+00	
7.85432e-07	0.00000e+00	0.00000e+00	
7.87791e-07	0.00000e+00	0.00000e+00	
7.90149e-07	0.00000e+00	0.00000e+00	
7.92508e-07	0.00000e+00	0.00000e+00	
7.94867e-07	0.00000e+00	0.00000e+00	
7.97225e-07	0.00000e+00	0.00000e+00	
7.99584e-07	0.00000e+00	0.00000e+00	
8.01942e-07	0.00000e+00	0.00000e+00	
8.04301e-07	0.00000e+00	0.00000e+00	
8.06660e-07	0.00000e+00	0.00000e+00	
8.09018e-07	0.00000e+00	0.00000e+00	
8.11377e-07	0.00000e+00	0.00000e+00	
8.13736e-07	0.00000e+00	0.00000e+00	
8.16094e-07	0.00000e+00	0.00000e+00	
8.18453e-07	0.00000e+00	0.00000e+00	
8.20812e-07	0.00000e+00	0.00000e+00	
8.23170e-07	0.00000e+00	0.00000e+00	
8.25529e-07	0.00000e+00	0.00000e+00	
8.27888e-07	0.00000e+00	0.00000e+00	
8.30246e-07	0.00000e+00	0.00000e+00	
8.32605e-07	0.00000e+00	0.00000e+00	
8.34964e-07	0.00000e+00	0.00000e+00	
8.37322e-07	0.00000e+00	0.00000e+00	
8.39681e-07	0.00000e+00	0.00000e+00	
8.42040e-07	0.00000e+00	0.00000e+00	
8.44398e-07	0.00000e+00	0.00000e+00	
8.46757e-07	0.00000e+00	0.00000e+00	
8.49116e-07	0.00000e+00	0.00000e+00	
8.51474e-07	0.00000e+00	0.00000e+00	
8.53833e-07	0.00000e+00	0.00000e+00	
8.56192e-07	0.00000e+00	0.00000e+00	
8.58550e-07	0.00000e+00	0.00000e+00	
8.60909e-07	0.00000e+00	0.00000e+00	
8.63267e-07	0.00000e+00	0.00000e+00	
8.65626e-07	0.00000e+00	0.00000e+00	
8.67985e-07	0.00000e+00	0.00000e+00	
8.70343e-07	0.00000e+00	0.00000e+00	
8.72702e-07	0.00000e+00	0.00000e+00	
8.75061e-07	0.00000e+00	0.00000e+00	
8.77419e-07	0.00000e+00	0.00000e+00	
8.79778e-07	0.00000e+00	0.00000e+00	
8.82137e-07	0.00000e+00	0.00000e+00	
8.84495e-07	0.00000e+00	0.00000e+00	
8.86854e-07	0.00000e+00	0.00000e+00	
8.89213e-07	0.00000e+00	0.00000e+00	
8.91571e-07	0.00000e+00	0.00000e+00	
8.93930e-07	0.00000e+00	0.00000e+00	
8.96289e-07	0.00000e+00	0.00000e+00	
8.98647e-07	0.00000e+00	0.00000e+00	
9.01006e-07	0.00000e+00	0.00000e+00	
9.03365e-07	0.00000e+00	0.00000e+00	
9.05723e-07	0.00000e+00	0.00000e+00	
9.08082e-07	0.00000e+00	0.00000e+00	
9.10441e-07	0.00000e+00	0.00000e+00	
9.12799e-07	0.00000e+00	0.00000e+00	
9.15158e-07	0.00000e+00	0.00000e+00	
9.17517e-07	0.00000e+00	0.00000e+00	
9.19875e-07	0.00000e+00	0.00000e+00	
9.22234e-07	0.00000e+00	0.00000e+00	
9.24593e-07	0.00000e+00	0.00000e+00	
9.26951e-07	0.00000e+00	0.00000e+00	
9.29310e-07	0.00000e+00	0.00000e+00	
9.31668e-07	0.00000e+00	0.00000e+00	
9.34027e-07	0.00000e+00	0.00000e+00	
9.36386e-07	0.00000e+00	0.00000e+00	
9.38744e-07	0.00000e+00	0.00000e+00	
9.41103e-07	0.00000e+00	0.00000e+00	
9.43462e-07	0.00000e+00	0.00000e+00	
9.45820e-07	0.00000e+00	0.00000e+00	
9.48179e-07	0.00000e+00	0.00000e+00	
9.50538e-07	0.00000e+00	0.00000e+00	
9.52896e-07	0.00000e+00	0.00000e+00	
9.55255e-07	0.00000e+00	0.00000e+00	
9.57614e-07	0.00000e+00	0.00000e+00	
9.59972e-07	0.00000e+00	0.00000e+00	
9.62331e-07	0.00000e+00	0.00000e+00	
9.64690e-07	0.00000e+00	0.00000e+00	
9.67048e-07	0.00000e+00	0.00000e+00	
9.69407e-07	0.00000e+00	0.00000e+00	
9.71766e-07	0.00000e+00	0.00000e+00	
9.74124e-07	0.00000e+00	0.00000e+00	
9.76483e-07	0.00000e+00	0.00000e+00	
9.78842e-07	0.00000e+00	0.00000e+00	
9.81200e-07	0.00000e+00	0.00000e+00	
9.83559e-07	0.00000e+00	0.00000e+00	
9.85918e-07	0.00000e+00	0.00000e+00	
9.88276e-07	0.00000e+00	0.00000e+00	
9.90635e-07	0.00000e+00	0.00000e+00	
9.92993e-07	0.00000e+00	0.00000e+00	
9.95352e-07	0.00000e+00	0.00000e+00	
9.97711e-07	0.00000e+00	0.00000e+00	
1.00007e-06	0.00000e+00	0.00000e+00	
1.00243e-06	0.00000e+00	0.00000e+00	
1.00479e-06	0.00000e+00	0.00000e+00	
1.00715e-06	0.00000e+00	0.00000e+00	
1.00950e-06	0.00000e+00	0.00000e+00	
1.01186e-06	0.00000e+00	0.00000e+00	
1.01422e-06	0.00000e+00	0.00000e+00	
1.01658e-06	0.00000e+00	0.00000e+00	
1.01894e-06	0.00000e+00	0.00000e+00	
1.02130e-06	0.00000e+00	0.00000e+00	
1.02366e-06	0.00000e+00	0.00000e+00	
1.02601e-06	0.00000e+00	0.00000e+00	
1.02837e-06	0.00000e+00	0.00000e+00	
1.03073e-06	0.00000e+00	0.00000e+00	
1.03309e-06	0.00000e+00	0.00000e+00	
1.03545e-06	0.00000e+00	0.00000e+00	
1.03781e-06	0.00000e+00	0.00000e+00	
1.04017e-06	0.00000e+00	0.00000e+00	
1.04253e-06	0.00000e+00	0.00000e+00	
1.04488e-06	0.00000e+00	0.00000e+00	
1.04724e-06	0.00000e+00	0.00000e+00	
1.04960e-06	0.00000e+00	0.00000e+00	
1.05196e-06	0.00000e+00	0.00000e+00	
1.05432e-06	0.00000e+00	0.00000e+00	
1.05668e-06	0.00000e+00	0.00000e+00	
1.05904e-06	0.00000e+00	0.00000e+00	
1.06139e-06	0.00000e+00	0.00000e+00	
1.06375e-06	0.00000e+00	0.00000e+00	
1.06611e-06	0.00000e+00	0.00000e+00	
1.06847e-06	0.00000e+00	0.00000e+00	
1.07083e-06	0.00000e+00	0.00000e+00	
1.07319e-06	0.00000e+00	0.00000e+00	
1.07555e-06	0.00000e+00	0.00000e+00	
1.07791e-06	0.00000e+00	0.00000e+00	
1.08026e-06	0.00000e+00	0.00000e+00	
1.08262e-06	0.00000e+00	0.00000e+00	
1.08498e-06	0.00000e+00	0.00000e+00	
1.08734e-06	0.00000e+00	0.00000e+00	
1.08970e-06	0.00000e+00	0.00000e+00	
1.09206e-06	0.00000e+00	0.00000e+00	
1.09442e-06	0.00000e+00	0.00000e+00	
1.09677e-06	0.00000e+00	0.00000e+00	
1.09913e-06	0.00000e+00	0.00000e+00	
1.10149e-06	0.00000e+00	0.00000e+00	
1.10385e-06	0.00000e+00	0.00000e+00	
1.10621e-06	0.00000e+00	0.00000e+00	
1.10857e-06	0.00000e+00	0.00000e+00	
1.11093e-06	0.00000e+00	0.00000e+00	
1.11328e-06	0.00000e+00	0.00000e+00	
1.11564e-06	0.00000e+00	0.00000e+00	
1.11800e-06	0.00000e+00	0.00000e+00	
1.12036e-06	0.00000e+00	0.00000e+00	
1.12272e-06	0.00000e+00	0.00000e+00	
1.12508e-06	0.00000e+00	0.00000e+00	
1.12744e-06	0.00000e+00	0.00000e+00	
1.12980e-06	0.00000e+00	0.00000e+00	
1.13215e-06	0.00000e+00	0.00000e+00	
1.13451e-06	0.00000e+00	0.00000e+00	
1.13687e-06	0.00000e+00	0.00000e+00	
1.13923e-06	0.00000e+00	0.00000e+00	
1.14159e-06	0.00000e+00	0.00000e+00	
1.14395e-06	0.00000e+00	0.00000e+00	
1.14631e-06	0.00000e+00	0.00000e+00	
1.14866e-06	0.00000e+00	0.00000e+00	
1.15102e-06	0.00000e+00	0.00000e+00	
1.15338e-06	0.00000e+00	0.00000e+00	
1.15574e-06	0.00000e+00	0.00000e+00	
1.15810e-06	0.00000e+00	0.00000e+00	
1.16046e-06	0.00000e+00	0.00000e+00	
1.16282e-06	0.00000e+00	0.00000e+00	
1.16518e-06	0.00000e+00	0.00000e+00	
1.16753e-06	0.00000e+00	0.00000e+00	
1.16989e-06	0.00000e+00	0.00000e+00	
1.17225e-06	0.00000e+00	0.00000e+00	
1.17461e-06	0.00000e+00	0.00000e+00	
1.17697e-06	0.00000e+00	0.00000e+00	
1.17933e-06	0.00000e+00	0.00000e+00	
1.18169e-06	0.00000e+00	0.00000e+00	
1.18404e-06	0.00000e+00	0.00000e+00	
1.18640e-06	0.00000e+00	0.00000e+00	
1.18876e-06	0.00000e+00	0.00000e+00	
1.19112e-06	0.00000e+00	0.00000e+00	
1.19348e-06	0.00000e+00	0.00000e+00	
1.19584e-06	0.00000e+00	0.00000e+00	
1.19820e-06	0.00000e+00	0.00000e+00	
1.20056e-06	0.00000e+00	0.00000e+00	
1.20291e-06	0.00000e+00	0.00000e+00	
1.20527e-06	0.00000e+00	0.00000e+00	
1.20763e-06	0.00000e+00	0.00000e+00	
1.20999e-06	0.00000e+00	0.00000e+00	
1.21235e-06	0.00000e+00	0.00000e+00	
1.21471e-06	0.00000e+00	0.00000e+00	
1.21707e-06	0.00000e+00	0.00000e+00	
1.21942e-06	0.00000e+00	0.00000e+00	
1.22178e-06	0.00000e+00	0.00000e+00	
1.22414e-06	0.00000e+00	0.00000e+00	
1.22650e-06	0.00000e+00	0.00000e+00	
1.22886e-06	0.00000e+00	0.00000e+00	
1.23122e-06	0.00000e+00	0.00000e+00	
1.23358e-06	0.00000e+00	0.00000e+00	
1.23593e-06	0.00000e+00	0.00000e+00	
1.23829e-06	0.00000e+00	0.00000e+00	
1.24065e-06	0.00000e+00	0.00000e+00	
1.24301e-06	0.00000e+00	0.00000e+00	
1.24537e-06	0.00000e+00	0.00000e+00	
1.24773e-06	0.00000e+00	0.00000e+00	
1.25009e-06	0.00000e+00	0.00000e+00	
1.25245e-06	0.00000e+00	0.00000e+00	
1.25480e-06	0.00000e+00	0.00000e+00	
1.25716e-06	0.00000e+00	0.00000e+00	
1.25952e-06	0.00000e+00	0.00000e+00	
1.26188e-06	0.00000e+00	0.00000e+00	
1.26424e-06	0.00000e+00	0.00000e+00	
1.26660e-06	0.00000e+00	0.00000e+00	
1.26896e-06	0.00000e+00	0.00000e+00	
1.27131e-06	0.00000e+00	0.00000e+00	
1.27367e-06	0.00000e+00	0.00000e+00	
1.27603e-06	0.00000e+00	0.00000e+00	
1.27839e-06	0.00000e+00	0.00000e+00	
1.28075e-06	0.00000e+00	0.00000e+00	
1.28311e-06	0.00000e+00	0.00000e+00	
1.28547e-06	0.00000e+00	0.00000e+00	
1.28783e-06	0.00000e+00	0.00000e+00	
1.29018e-06	0.00000e+00	0.00000e+00	
1.29254e-06	0.00000e+00	0.00000e+00	
1.29490e-06	0.00000e+00	0.00000e+00	
1.29726e-06	0.00000e+00	0.00000e+00	
1.29962e-06	3.40070e-167	4.26773e-263	
1.30198e-06	1.87713e-164	2.92759e-260	
1.30434e-06	5.17610e-162	1.00413e-257	
1.30669e-06	9.50664e-160	2.29600e-255	
1.30905e-06	1.30833e-157	3.93740e-253	
1.31141e-06	1.43914e-155	5.40171e-251	
1.31377e-06	1.31797e-153	6.17538e-249	
1.31613e-06	1.03362e-151	6.05121e-247	
1.31849e-06	7.08630e-150	5.18825e-245	
1.32085e-06	4.31438e-148	3.95401e-243	
1.32321e-06	2.36184e-146	2.71199e-241	
1.32556e-06	1.17430e-144	1.08105e-173	
1.32792e-06	5.34690e-143	5.26772e-171	
1.33028e-06	2.24515e-141	1.32884e-168	
1.33264e-06	8.74550e-140	2.28747e-166	
1.33500e-06	3.17641e-138	3.00057e-164	
1.33736e-06	1.08052e-136	3.18400e-162	
1.33972e-06	3.45597e-135	2.83815e-160	
1.34207e-06	1.04292e-133	2.18129e-158	
1.34443e-06	2.97859e-132	1.47342e-156	
1.34679e-06	8.07337e-131	8.87684e-155	
1.34915e-06	2.08192e-129	4.82583e-153	
1.35151e-06	5.11944e-128	2.38989e-151	
1.35387e-06	1.20288e-126	1.08663e-149	
1.35623e-06	2.70573e-125	4.56624e-148	
1.35858e-06	5.83654e-124	1.78344e-146	
1.36094e-06	1.20929e-122	6.50584e-145	
1.36330e-06	2.41016e-121	2.22608e-143	
1.36566e-06	4.62697e-120	7.17139e-142	
1.36802e-06	8.56707e-119	2.18240e-140	
1.37038e-06	1.53167e-117	6.29252e-139	
1.37274e-06	2.64713e-116	1.72360e-137	
1.37510e-06	4.42701e-115	4.49589e-136	
1.37745e-06	7.17121e-114	1.11922e-134	
1.37981e-06	1.12620e-112	2.66445e-133	
1.38217e-06	1.71614e-111	6.07689e-132	
1.38453e-06	2.53955e-110	1.33006e-130	
1.38689e-06	3.65222e-109	2.79800e-129	
1.38925e-06	5.10820e-108	5.66550e-128	
1.39161e-06	6.95325e-107	1.10565e-126	
1.39396e-06	9.21719e-106	2.08223e-125	
1.39632e-06	1.19061e-104	3.78849e-124	
1.39868e-06	1.49952e-103	6.66660e-123	
1.40104e-06	1.84245e-102	1.13574e-121	
1.40340e-06	2.20965e-101	1.87502e-120	
1.40576e-06	2.58801e-100	3.00242e-119	
1.40812e-06	2.96159e-99	4.66701e-118	
1.41048e-06	3.31292e-98	7.04782e-117	
1.41283e-06	3.62417e-97	1.03477e-115	
1.41519e-06	3.87894e-96	1.47815e-114	
1.41755e-06	4.06341e-95	2.05573e-113	
1.41991e-06	4.16796e-94	2.78526e-112	
1.42227e-06	4.18757e-93	3.67859e-111	
1.42463e-06	4.12267e-92	4.73876e-110	
1.42699e-06	3.97839e-91	5.95737e-109	
1.42934e-06	3.76455e-90	7.31271e-108	
1.43170e-06	3.49392e-89	8.76908e-107	
1.43406e-06	3.18177e-88	1.02776e-105	
1.43642e-06	2.84368e-87	1.17784e-104	
1.43878e-06	2.49520e-86	1.32047e-103	
1.44114e-06	2.14996e-85	1.44880e-102	
1.44350e-06	1.81974e-84	1.55630e-101	
1.44586e-06	1.51326e-83	1.63739e-100	
1.44821e-06	1.23681e-82	1.68791e-99	
1.45057e-06	9.93629e-82	1.70545e-98	
1.45293e-06	7.84948e-81	1.68955e-97	
1.45529e-06	6.09802e-80	1.64168e-96	
1.45765e-06	4.66049e-79	1.56505e-95	
1.46001e-06	3.50419e-78	1.46429e-94	
1.46237e-06	2.59314e-77	1.34496e-93	
1.46472e-06	1.88865e-76	1.21312e-92	
1.46708e-06	1.35436e-75	1.07480e-91	
1.46944e-06	9.56235e-75	9.35614e-91	
1.47180e-06	6.65001e-74	8.00430e-90	
1.47416e-06	4.55487e-73	6.73157e-89	
1.47652e-06	3.07408e-72	5.56646e-88	
1.47888e-06	2.04406e-71	4.52703e-87	
1.48123e-06	1.33969e-70	3.62175e-86	
1.48359e-06	8.65346e-70	2.85094e-85	
1.48595e-06	5.51127e-69	2.20858e-84	
1.48831e-06	3.46026e-68	1.68417e-83	
1.49067e-06	2.14279e-67	1.26442e-82	
1.49303e-06	1.30847e-66	9.34787e-82	
1.49539e-06	7.88298e-66	6.80663e-81	
1.49775e-06	4.68426e-65	4.88235e-80	
1.50010e-06	2.74697e-64	3.45048e-79	
1.50246e-06	1.58927e-63	2.40303e-78	
1.50482e-06	9.07653e-63	1.64946e-77	
1.50718e-06	5.11530e-62	1.11607e-76	
1.50954e-06	2.84650e-61	7.44536e-76	
1.51190e-06	1.56342e-60	4.89762e-75	
1.51426e-06	8.48070e-60	3.17729e-74	
1.51661e-06	4.54152e-59	2.03312e-73	
1.51897e-06	2.40250e-58	1.28341e-72	
1.52133e-06	1.25494e-57	7.99326e-72	
1.52369e-06	6.47693e-57	4.91243e-71	
1.52605e-06	3.30136e-56	2.97947e-70	
1.52841e-06	1.66301e-55	1.78365e-69	
1.53077e-06	8.27464e-55	1.05404e-68	
1.53313e-06	4.06975e-54	6.14950e-68	
1.53548e-06	1.97748e-53	3.54246e-67	
1.53784e-06	9.49951e-53	2.01513e-66	
1.54020e-06	4.50904e-52	1.13210e-65	
1.54256e-06	2.11637e-51	6.28193e-65	
1.54492e-06	9.81649e-51	3.44332e-64	
1.54728e-06	4.50318e-50	1.86459e-63	
1.54964e-06	2.04176e-49	9.97591e-63	
1.55199e-06	9.15706e-49	5.27387e-62	
1.55435e-06	4.05965e-48	2.75521e-61	
1.55671e-06	1.78056e-47	1.42256e-60	
1.55907e-06	7.72075e-47	7.25966e-60	
1.56143e-06	3.31254e-46	3.66211e-59	
1.56379e-06	1.40525e-45	1.82622e-58	
1.56615e-06	5.89935e-45	9.00361e-58	
1.56851e-06	2.44904e-44	4.38896e-57	
1.57086e-06	1.00624e-43	2.11554e-56	
1.57322e-06	4.08885e-43	1.00840e-55	
1.57558e-06	1.64463e-42	4.75363e-55	
1.57794e-06	6.54292e-42	2.21634e-54	
1.58030e-06	2.57688e-41	1.02210e-53	
1.58266e-06	1.00392e-40	4.66265e-53	
1.58502e-06	3.87233e-40	2.10418e-52	
1.58737e-06	1.47764e-39	9.39446e-52	
1.58973e-06	5.58313e-39	4.14984e-51	
1.59209e-06	2.08714e-38	1.81380e-50	
1.59445e-06	7.72645e-38	7.84464e-50	
1.59681e-06	2.83017e-37	3.35746e-49	
1.59917e-06	1.02669e-36	1.42209e-48	
1.60153e-06	3.68557e-36	5.96144e-48	
1.60388e-06	1.31039e-35	2.47346e-47	
1.60624e-06	4.61078e-35	1.01582e-46	
1.60860e-06	1.60698e-34	4.12958e-46	
1.61096e-06	5.54316e-34	1.66188e-45	
1.61332e-06	1.89409e-33	6.62096e-45	
1.61568e-06	6.40596e-33	2.61150e-44	
1.61804e-06	2.14632e-32	1.01984e-43	
1.62040e-06	7.11825e-32	3.94334e-43	
1.62275e-06	2.33887e-31	1.50977e-42	
1.62511e-06	7.60742e-31	5.72386e-42	
1.62747e-06	2.45158e-30	2.14892e-41	
1.62983e-06	7.82131e-30	7.98960e-41	
1.63219e-06	2.47237e-29	2.94185e-40	
1.63455e-06	7.73741e-29	1.07282e-39	
1.63691e-06	2.39938e-28	3.87487e-39	
1.63926e-06	7.36672e-28	1.38622e-38	
1.64162e-06	2.24124e-27	4.91214e-38	
1.64398e-06	6.75142e-27	1.72419e-37	
1.64634e-06	2.01538e-26	5.99508e-37	
1.64870e-06	5.95704e-26	2.06497e-36	
1.65106e-06	1.74491e-25	7.04620e-36	
1.65342e-06	5.06109e-25	2.38196e-35	
1.65578e-06	1.45477e-24	7.97753e-35	
1.65813e-06	4.14088e-24	2.64709e-34	
1.66049e-06	1.16810e-23	8.70257e-34	
1.66285e-06	3.26306e-23	2.83478e-33	
1.66521e-06	9.03373e-23	9.14947e-33	
1.66757e-06	2.47675e-22	2.92610e-32	
1.66993e-06	6.72971e-22	9.27282e-32	
1.67229e-06	1.81090e-21	2.91188e-31	
1.67464e-06	4.82942e-21	9.06120e-31	
1.67700e-06	1.27552e-20	2.79421e-30	
1.67936e-06	3.33874e-20	8.53889e-30	
1.68172e-06	8.65521e-20	2.58598e-29	
1.68408e-06	2.22367e-19	7.76135e-29	
1.68644e-06	5.65808e-19	2.30859e-28	
1.68880e-06	1.42679e-18	6.80556e-28	
1.69116e-06	3.56337e-18	1.98836e-27	
1.69351e-06	8.81953e-18	5.75766e-27	
1.69587e-06	2.16192e-17	1.65244e-26	
1.69823e-06	5.25183e-17	4.70047e-26	
1.70059e-06	1.26354e-16	1.32525e-25	
1.70295e-06	3.01251e-16	3.70340e-25	
1.70531e-06	7.11331e-16	1.02578e-24	
1.70767e-06	1.66442e-15	2.81624e-24	
1.71002e-06	3.85700e-15	7.66380e-24	
1.71238e-06	8.85657e-15	2.06721e-23	
1.71474e-06	2.01404e-14	5.52708e-23	
1.71710e-06	4.53815e-14	1.46481e-22	
1.71946e-06	1.01266e-13	3.84804e-22	
1.72182e-06	2.23889e-13	1.00202e-21	
1.72418e-06	4.90185e-13	2.58640e-21	
1.72653e-06	1.06327e-12	6.61751e-21	
1.72889e-06	2.28384e-12	1.67833e-20	
1.73125e-06	4.85971e-12	4.21932e-20	
1.73361e-06	1.02394e-11	1.05146e-19	
1.73597e-06	2.13710e-11	2.59731e-19	
1.73833e-06	4.41641e-11	6.35972e-19	
1.74069e-06	9.03982e-11	1.54359e-18	
1.74305e-06	1.83194e-10	3.71370e-18	
1.74540e-06	3.67678e-10	8.85642e-18	
1.74776e-06	7.30551e-10	2.09355e-17	
1.75012e-06	1.43743e-09	4.90544e-17	
1.75248e-06	2.79969e-09	1.13931e-16	
1.75484e-06	5.39924e-09	2.62279e-16	
1.75720e-06	1.03061e-08	5.98474e-16	
1.75956e-06	1.94759e-08	1.35356e-15	
1.76191e-06	3.64240e-08	3.03428e-15	
1.76427e-06	6.74297e-08	6.74175e-15	
1.76663e-06	1.23522e-07	1.48464e-14	
1.76899e-06	2.23942e-07	3.24034e-14	
1.77135e-06	4.01687e-07	7.00931e-14	
1.77371e-06	7.12949e-07	1.50267e-13	
1.77607e-06	1.25174e-06	3.19263e-13	
1.77843e-06	2.17419e-06	6.72228e-13	
1.78078e-06	3.73492e-06	1.40267e-12	
1.78314e-06	6.34586e-06	2.90039e-12	
1.78550e-06	1.06611e-05	5.94296e-12	
1.78786e-06	1.77103e-05	1.20665e-11	
1.79022e-06	2.90834e-05	2.42761e-11	
1.79258e-06	4.72116e-05	4.83925e-11	
1.79494e-06	7.57394e-05	9.55790e-11	
1.79729e-06	1.20071e-04	1.87031e-10	
1.79965e-06	1.88054e-04	3.62590e-10	
1.80201e-06	2.90945e-04	6.96379e-10	
1.80437e-06	4.44532e-04	1.32490e-09	
1.80673e-06	6.70654e-04	2.49695e-09	
1.80909e-06	9.98787e-04	4.66120e-09	
1.81145e-06	1.46806e-03	8.61837e-09	
1.81381e-06	2.12902e-03	1.57821e-08	
1.81616e-06	3.04563e-03	2.86215e-08	
1.81852e-06	4.29629e-03	5.14016e-08	
1.82088e-06	5.97448e-03	9.14089e-08	
1.82324e-06	8.18732e-03	1.60952e-07	
1.82560e-06	1.10525e-02	2.80586e-07	
1.82796e-06	1.46922e-02	4.84244e-07	
1.83032e-06	1.92235e-02	8.27280e-07	
1.83267e-06	2.47459e-02	1.39892e-06	
1.83503e-06	3.13245e-02	2.34122e-06	
1.83739e-06	3.89726e-02	3.87758e-06	
1.83975e-06	4.76307e-02	6.35478e-06	
1.84211e-06	5.71523e-02	1.03042e-05	
1.84447e-06	6.72895e-02	1.65291e-05	
1.84683e-06	7.76968e-02	2.62275e-05	
1.84919e-06	8.79398e-02	4.11600e-05	
1.85154e-06	9.75329e-02	6.38776e-05	
1.85390e-06	1.05985e-01	9.80194e-05	
1.85626e-06	1.12873e-01	1.48696e-04	
1.85862e-06	1.17921e-01	2.22968e-04	
1.86098e-06	1.21082e-01	3.30418e-04	
1.86334e-06	1.22609e-01	4.83824e-04	
1.86570e-06	1.23088e-01	6.99891e-04	
1.86805e-06	1.23440e-01	1.00001e-03	
1.87041e-06	1.24831e-01	1.41096e-03	
1.87277e-06	1.28562e-01	1.96548e-03	
1.87513e-06	1.35848e-01	2.70247e-03	
1.87749e-06	1.47620e-01	3.66676e-03	
1.87985e-06	1.64276e-01	4.90819e-03	
1.88221e-06	1.85522e-01	6.47974e-03	
1.88456e-06	2.10283e-01	8.43469e-03	
1.88692e-06	2.36747e-01	1.08225e-02	
1.88928e-06	2.62572e-01	1.36838e-02	
1.89164e-06	2.85179e-01	1.70439e-02	
1.89400e-06	3.02191e-01	2.09070e-02	
1.89636e-06	3.11767e-01	2.52494e-02	
1.89872e-06	3.12971e-01	3.00152e-02	
1.90108e-06	3.05830e-01	3.51133e-02	
1.90343e-06	2.91316e-01	4.04199e-02	
1.90579e-06	2.70980e-01	4.57840e-02	
1.90815e-06	2.46580e-01	5.10396e-02	
1.91051e-06	2.19581e-01	5.60234e-02	
1.91287e-06	1.90846e-01	6.05965e-02	
1.91523e-06	1.60541e-01	6.46685e-02	
1.91759e-06	1.28279e-01	6.82212e-02	
1.91994e-06	9.36179e-02	7.13265e-02	
1.92230e-06	5.64618e-02	7.41548e-02	
1.92466e-06	1.76452e-02	7.69696e-02	
1.92702e-06	-2.10940e-02	8.01058e-02	
1.92938e-06	-5.71856e-02	8.39318e-02	
1.93174e-06	-8.79680e-02	8.87972e-02	
1.93410e-06	-1.11424e-01	9.49735e-02	
1.93646e-06	-1.26872e-01	1.02597e-01	
1.93881e-06	-1.35437e-01	1.11621e-01	
1.94117e-06	-1.39619e-01	1.21799e-01	
1.94353e-06	-1.42760e-01	1.32681e-01	
1.94589e-06	-1.47677e-01	1.43664e-01	
1.94825e-06	-1.55759e-01	1.54048e-01	
1.95061e-06	-1.66308e-01	1.63126e-01	
1.95297e-06	-1.76610e-01	1.70267e-01	
1.95532e-06	-1.83057e-01	1.74984e-01	
1.95768e-06	-1.82240e-01	1.76973e-01	
1.96004e-06	-1.72553e-01	1.76116e-01	
1.96240e-06	-1.54693e-01	1.72442e-01	
1.96476e-06	-1.31499e-01	1.66075e-01	
1.96712e-06	-1.06910e-01	1.57169e-01	
1.96948e-06	-8.41507e-02	1.45870e-01	
1.97184e-06	-6.45925e-02	1.32314e-01	
1.97419e-06	-4.69181e-02	1.16658e-01	
1.97655e-06	-2.77429e-02	9.91514e-02	
1.97891e-06	-3.00316e-03	8.02046e-02	
1.98127e-06	3.05054e-02	6.04288e-02	
1.98363e-06	7.37612e-02	4.06206e-02	
1.98599e-06	1.25459e-01	2.16726e-02	
1.98835e-06	1.82859e-01	4.42318e-03	
1.99070e-06	2.43107e-01	-1.05208e-02	
1.99306e-06	3.04695e-01	-2.29336e-02	
1.99542e-06	3.67621e-01	-3.30399e-02	
1.99778e-06	4.32803e-01	-4.14650e-02	
2.00014e-06	5.00742e-01	-4.90675e-02	
2.00250e-06	5.70029e-01	-5.66892e-02	
2.00486e-06	6.37263e-01	-6.48970e-02	
2.00721e-06	6.97571e-01	-7.37978e-02	
2.00957e-06	7.46369e-01	-8.29927e-02	
2.01193e-06	7.81028e-01	-9.16930e-02	
2.01429e-06	8.01262e-01	-9.89638e-02	
2.01665e-06	8.08797e-01	-1.04015e-01	
2.01901e-06	8.05417e-01	-1.06434e-01	
2.02137e-06	7.91436e-01	-1.06275e-01	
2.02373e-06	7.65108e-01	-1.03970e-01	
2.02608e-06	7.23183e-01	-1.00090e-01	
2.02844e-06	6.63081e-01	-9.50513e-02	
2.03080e-06	5.84531e-01	-8.88847e-02	
2.03316e-06	4.90474e-01	-8.11650e-02	
2.03552e-06	3.86325e-01	-7.11337e-02	
2.03788e-06	2.77938e-01	-5.79751e-02	
2.04024e-06	1.69815e-01	-4.11413e-02	
2.04259e-06	6.42227e-02	-2.05981e-02	
2.04495e-06	-3.82159e-02	3.10159e-03	
2.04731e-06	-1.36975e-01	2.89411e-02	
2.04967e-06	-2.30475e-01	5.57063e-02	
2.05203e-06	-3.16182e-01	8.22837e-02	
2.05439e-06	-3.91790e-01	1.07876e-01	
2.05675e-06	-4.56949e-01	1.32065e-01	
2.05911e-06	-5.13820e-01	1.54715e-01	
2.06146e-06	-5.65944e-01	1.75790e-01	
2.06382e-06	-6.16065e-01	1.95170e-01	
2.06618e-06	-6.63827e-01	2.12547e-01	
2.06854e-06	-7.05422e-01	2.27424e-01	
2.07090e-06	-7.35295e-01	2.39192e-01	
2.07326e-06	-7.48929e-01	2.47232e-01	
2.07562e-06	-7.45311e-01	2.50983e-01	
2.07797e-06	-7.27007e-01	2.49972e-01	
2.08033e-06	-6.98127e-01	2.43825e-01	
2.08269e-06	-6.61516e-01	2.32297e-01	
2.08505e-06	-6.16867e-01	2.15342e-01	
2.08741e-06	-5.61440e-01	1.93204e-01	
2.08977e-06	-4.92541e-01	1.66477e-01	
2.09213e-06	-4.10128e-01	1.36082e-01	
2.09449e-06	-3.17709e-01	1.03148e-01	
2.09684e-06	-2.20767e-01	6.88098e-02	
2.09920e-06	-1.23953e-01	3.40223e-02	
2.10156e-06	-2.91881e-02	-5.61685e-04	
2.10392e-06	6.42233e-02	-3.45931e-02	
2.10628e-06	1.57308e-01	-6.79315e-02	
2.10864e-06	2.49171e-01	-1.00507e-01	
2.11100e-06	3.36405e-01	-1.32203e-01	
2.11335e-06	4.14610e-01	-1.62783e-01	
2.11571e-06	4.81208e-01	-1.91876e-01	
2.11807e-06	5.36563e-01	-2.18962e-01	
2.12043e-06	5.83370e-01	-2.43382e-01	
2.12279e-06	6.23714e-01	-2.64349e-01	
2.12515e-06	6.56949e-01	-2.81022e-01	
2.12751e-06	6.79587e-01	-2.92638e-01	
2.12986e-06	6.87473e-01	-2.98670e-01	
2.13222e-06	6.78677e-01	-2.98942e-01	
2.13458e-06	6.54425e-01	-2.93625e-01	
2.13694e-06	6.17788e-01	-2.83092e-01	
2.13930e-06	5.70774e-01	-2.67713e-01	
2.14166e-06	5.12947e-01	-2.47719e-01	
2.14402e-06	4.42293e-01	-2.23238e-01	
2.14638e-06	3.58153e-01	-1.94510e-01	
2.14873e-06	2.63547e-01	-1.62166e-01	
2.15109e-06	1.64562e-01	-1.27382e-01	
2.15345e-06	6.72207e-02	-9.17614e-02	
2.15581e-06	-2.57476e-02	-5.69838e-02	
2.15817e-06	-1.16291e-01	-2.43649e-02	
2.16053e-06	-2.08091e-01	5.41816e-03	
2.16289e-06	-3.02814e-01	3.22910e-02	
2.16524e-06	-3.97991e-01	5.64638e-02	
2.16760e-06	-4.87442e-01	7.80342e-02	
2.16996e-06	-5.65777e-01	9.67584e-02	
2.17232e-06	-6.31006e-01	1.12119e-01	
2.17468e-06	-6.84727e-01	1.23619e-01	
2.17704e-06	-7.29947e-01	1.31076e-01	
2.17940e-06	-7.67119e-01	1.34704e-01	
2.18176e-06	-7.93741e-01	1.34925e-01	
2.18411e-06	-8.06343e-01	1.32048e-01	
2.18647e-06	-8.02893e-01	1.26051e-01	
2.18883e-06	-7.84643e-01	1.16639e-01	
2.19119e-06	-7.54255e-01	1.03543e-01	
2.19355e-06	-7.13180e-01	8.68494e-02	
2.19591e-06	-6.60957e-01	6.71508e-02	
2.19827e-06	-5.96116e-01	4.54079e-02	
2.20062e-06	-5.19111e-01	2.26310e-02	
2.20298e-06	-4.33495e-01	-4.07832e-04	
2.20534e-06	-3.44155e-01	-2.32689e-02	
2.20770e-06	-2.54788e-01	-4.57393e-02	
2.21006e-06	-1.65973e-01	-6.76580e-02	
2.21242e-06	-7.63498e-02	-8.88180e-02	
2.21478e-06	1.44397e-02	-1.08978e-01	
2.21714e-06	1.04369e-01	-1.27894e-01	
2.21949e-06	1.89855e-01	-1.45266e-01	
2.22185e-06	2.68563e-01	-1.60596e-01	
2.22421e-06	3.41331e-01	-1.73080e-01	
2.22657e-06	4.10555e-01	-1.81722e-01	
2.22893e-06	4.77136e-01	-1.85669e-01	
2.23129e-06	5.38431e-01	-1.84600e-01	
2.23365e-06	5.89034e-01	-1.78905e-01	
2.23600e-06	6.24740e-01	-1.69461e-01	
2.23836e-06	6.45388e-01	-1.57151e-01	
2.24072e-06	6.54183e-01	-1.42423e-01	
2.24308e-06	6.54790e-01	-1.25251e-01	
2.24544e-06	6.48150e-01	-1.05509e-01	
2.24780e-06	6.32186e-01	-8.35089e-02	
2.25016e-06	6.05067e-01	-6.02559e-02	
2.25251e-06	5.67656e-01	-3.71879e-02	
2.25487e-06	5.23412e-01	-1.55523e-02	
2.25723e-06	4.76127e-01	4.14427e-03	
2.25959e-06	4.26802e-01	2.22095e-02	
2.26195e-06	3.73719e-01	3.93153e-02	
2.26431e-06	3.15059e-01	5.58772e-02	
2.26667e-06	2.51078e-01	7.17414e-02	
2.26903e-06	1.84129e-01	8.64104e-02	
2.27138e-06	1.16696e-01	9.95984e-02	
2.27374e-06	4.95030e-02	1.11637e-01	
2.27610e-06	-1.80327e-02	1.23362e-01	
2.27846e-06	-8.51256e-02	1.35537e-01	
2.28082e-06	-1.48642e-01	1.48233e-01	
2.28318e-06	-2.04597e-01	1.60657e-01	
2.28554e-06	-2.50784e-01	1.71581e-01	
2.28789e-06	-2.88716e-01	1.80056e-01	
2.29025e-06	-3.21912e-01	1.85922e-01	
2.29261e-06	-3.52305e-01	1.89765e-01	
2.29497e-06	-3.78681e-01	1.92419e-01	
2.29733e-06	-3.98240e-01	1.94400e-01	
2.29969e-06	-4.09241e-01	1.95670e-01	
2.30205e-06	-4.12901e-01	1.95815e-01	
2.30441e-06	-4.11756e-01	1.94416e-01	
2.30676e-06	-4.06328e-01	1.91308e-01	
2.30912e-06	-3.94888e-01	1.86572e-01	
2.31148e-06	-3.75246e-01	1.80371e-01	
2.31384e-06	-3.47387e-01	1.72824e-01	
2.31620e-06	-3.14440e-01	1.64015e-01	
2.31856e-06	-2.79532e-01	1.54071e-01	
2.32092e-06	-2.42962e-01	1.43181e-01	
2.32327e-06	-2.02194e-01	1.31547e-01	
2.32563e-06	-1.54547e-01	1.19351e-01	
2.32799e-06	-1.00360e-01	1.06829e-01	
2.33035e-06	-4.30231e-02	9.43835e-02	
2.33271e-06	1.38643e-02	8.25538e-02	
2.33507e-06	6.93148e-02	7.17222e-02	
2.33743e-06	1.24301e-01	6.16992e-02	
2.33979e-06	1.79442e-01	5.15328e-02	
2.34214e-06	2.32926e-01	3.98235e-02	
2.34450e-06	2.81329e-01	2.54733e-02	
2.34686e-06	3.23040e-01	8.41245e-03	
2.34922e-06	3.59073e-01	-1.02188e-02	
2.35158e-06	3.91509e-01	-2.86087e-02	
2.35394e-06	4.21033e-01	-4.51821e-02	
2.35630e-06	4.45108e-01	-5.92500e-02	
2.35865e-06	4.60509e-01	-7.09782e-02	
2.36101e-06	4.66445e-01	-8.07830e-02	
2.36337e-06	4.64173e-01	-8.86862e-02	
2.36573e-06	4.55528e-01	-9.41349e-02	
2.36809e-06	4.40715e-01	-9.63623e-02	
2.37045e-06	4.17689e-01	-9.49145e-02	
2.37281e-06	3.85290e-01	-8.98884e-02	
2.37516e-06	3.45032e-01	-8.17541e-02	
2.37752e-06	2.99228e-01	-7.10541e-02	
2.37988e-06	2.49155e-01	-5.83713e-02	
2.38224e-06	1.94157e-01	-4.46485e-02	
2.38460e-06	1.32609e-01	-3.15271e-02	
2.38696e-06	6.53783e-02	-2.12519e-02	
2.38932e-06	-3.55756e-03	-1.60247e-02	
2.39168e-06	-7.05317e-02	-1.71918e-02	
2.39403e-06	-1.34492e-01	-2.48631e-02	
2.39639e-06	-1.96908e-01	-3.82621e-02	
2.39875e-06	-2.59795e-01	-5.65243e-02	
2.40111e-06	-3.22660e-01	-7.92951e-02	
2.40347e-06	-3.82140e-01	-1.06646e-01	
2.40583e-06	-4.35192e-01	-1.38403e-01	
2.40819e-06	-4.80931e-01	-1.73479e-01	
2.41054e-06	-5.19544e-01	-2.09758e-01	
2.41290e-06	-5.51018e-01	-2.44634e-01	
2.41526e-06	-5.74443e-01	-2.75747e-01	
2.41762e-06	-5.88581e-01	-3.01328e-01	
2.41998e-06	-5.93732e-01	-3.19981e-01	
2.42234e-06	-5.91600e-01	-3.30236e-01	
2.42470e-06	-5.82498e-01	-3.30401e-01	
2.42706e-06	-5.64400e-01	-3.18999e-01	
2.42941e-06	-5.34970e-01	-2.95503e-01	
2.43177e-06	-4.93903e-01	-2.60842e-01	
2.43413e-06	-4.43897e-01	-2.17304e-01	
2.43649e-06	-3.89195e-01	-1.67938e-01	
2.43885e-06	-3.32060e-01	-1.15927e-01	
2.44121e-06	-2.71362e-01	-6.43106e-02	
2.44357e-06	-2.05372e-01	-1.60883e-02	
2.44592e-06	-1.34450e-01	2.56592e-02	
2.44828e-06	-6.07928e-02	5.79833e-02	
2.45064e-06	1.28611e-02	7.86678e-02	
2.45300e-06	8.53676e-02	8.69038e-02	
2.45536e-06	1.57050e-01	8.36273e-02	
2.45772e-06	2.27367e-01	7.13213e-02	
2.46008e-06	2.94357e-01	5.34215e-02	
2.46244e-06	3.55358e-01	3.36456e-02	
2.46479e-06	4.09848e-01	1.55011e-02	
2.46715e-06	4.58826e-01	2.02119e-03	
2.46951e-06	5.01870e-01	-4.37115e-03	
2.47187e-06	5.37340e-01	-1.97629e-03	
2.47423e-06	5.62993e-01	1.00661e-02	
2.47659e-06	5.77794e-01	3.16874e-02	
2.47895e-06	5.83902e-01	6.18432e-02	
2.48130e-06	5.83836e-01	9.85056e-02	
2.48366e-06	5.76601e-01	1.38720e-01	
2.48602e-06	5.59469e-01	1.78815e-01	
2.48838e-06	5.31632e-01	2.14860e-01	
2.49074e-06	4.95040e-01	2.43363e-01	
2.49310e-06	4.53262e-01	2.62008e-01	
2.49546e-06	4.07898e-01	2.70178e-01	
2.49781e-06	3.56938e-01	2.69051e-01	
2.50017e-06	2.98270e-01	2.61260e-01	
2.50253e-06	2.33309e-01	2.50285e-01	
2.50489e-06	1.67159e-01	2.39794e-01	
2.50725e-06	1.02997e-01	2.33043e-01	
2.50961e-06	3.92130e-02	2.32380e-01	
2.51197e-06	-2.62956e-02	2.38863e-01	
2.51433e-06	-9.30723e-02	2.52067e-01	
2.51668e-06	-1.57874e-01	2.70169e-01	
2.51904e-06	-2.16583e-01	2.90308e-01	
2.52140e-06	-2.68583e-01	3.09094e-01	
2.52376e-06	-3.17006e-01	3.23089e-01	
2.52612e-06	-3.62865e-01	3.29157e-01	
2.52848e-06	-4.03066e-01	3.24727e-01	
2.53084e-06	-4.35317e-01	3.08087e-01	
2.53319e-06	-4.60969e-01	2.78733e-01	
2.53555e-06	-4.82127e-01	2.37615e-01	
2.53791e-06	-4.98561e-01	1.87079e-01	
2.54027e-06	-5.07239e-01	1.30422e-01	
2.54263e-06	-5.04714e-01	7.12022e-02	
2.54499e-06	-4.91256e-01	1.25996e-02	
2.54735e-06	-4.71505e-01	-4.29564e-02	
2.54971e-06	-4.48886e-01	-9.38968e-02	
2.55206e-06	-4.21472e-01	-1.39533e-01	
2.55442e-06	-3.85719e-01	-1.80114e-01	
2.55678e-06	-3.41283e-01	-2.16856e-01	
2.55914e-06	-2.90735e-01	-2.51744e-01	
2.56150e-06	-2.36640e-01	-2.86997e-01	
2.56386e-06	-1.80023e-01	-3.24318e-01	
2.56622e-06	-1.20722e-01	-3.64289e-01	
2.56857e-06	-5.91544e-02	-4.06191e-01	
2.57093e-06	2.21606e-03	-4.48285e-01	
2.57329e-06	6.05043e-02	-4.88291e-01	
2.57565e-06	1.15581e-01	-5.23808e-01	
2.57801e-06	1.69797e-01	-5.52546e-01	
2.58037e-06	2.24227e-01	-5.72519e-01	
2.58273e-06	2.76863e-01	-5.82311e-01	
2.58509e-06	3.24586e-01	-5.81392e-01	
2.58744e-06	3.65885e-01	-5.70225e-01	
2.58980e-06	4.01538e-01	-5.49965e-01	
2.59216e-06	4.32863e-01	-5.21806e-01	
2.59452e-06	4.59166e-01	-4.86351e-01	
2.59688e-06	4.77469e-01	-4.43368e-01	
2.59924e-06	4.85692e-01	-3.92052e-01	
2.60160e-06	4.85343e-01	-3.31540e-01	
2.60395e-06	4.79346e-01	-2.61310e-01	
2.60631e-06	4.67628e-01	-1.81339e-01	
2.60867e-06	4.47277e-01	-9.21829e-02	
2.61103e-06	4.17098e-01	4.73710e-03	
2.61339e-06	3.79588e-01	1.06635e-01	
2.61575e-06	3.37914e-01	2.09039e-01	
2.61811e-06	2.92407e-01	3.06157e-01	
2.62046e-06	2.41142e-01	3.92121e-01	
2.62282e-06	1.83600e-01	4.62638e-01	
2.62518e-06	1.22582e-01	5.16242e-01	
2.62754e-06	6.16829e-02	5.54424e-01	
2.62990e-06	1.51404e-03	5.80623e-01	
2.63226e-06	-5.98652e-02	5.98677e-01	
2.63462e-06	-1.22823e-01	6.11561e-01	
2.63698e-06	-1.84134e-01	6.20879e-01	
2.63933e-06	-2.40163e-01	6.26985e-01	
2.64169e-06	-2.90268e-01	6.29277e-01	
2.64405e-06	-3.36305e-01	6.26315e-01	
2.64641e-06	-3.79276e-01	6.15824e-01	
2.64877e-06	-4.17093e-01	5.94933e-01	
2.65113e-06	-4.47008e-01	5.60875e-01	
2.65349e-06	-4.68579e-01	5.12007e-01	
2.65584e-06	-4.83338e-01	4.48666e-01	
2.65820e-06	-4.92534e-01	3.73406e-01	
2.66056e-06	-4.95341e-01	2.90468e-01	
2.66292e-06	-4.89381e-01	2.04765e-01	
2.66528e-06	-4.73757e-01	1.20823e-01	
2.66764e-06	-4.50558e-01	4.20179e-02	
2.67000e-06	-4.22001e-01	-2.98224e-02	
2.67236e-06	-3.87367e-01	-9.44829e-02	
2.67471e-06	-3.44526e-01	-1.53166e-01	
2.67707e-06	-2.94077e-01	-2.07999e-01	
2.67943e-06	-2.39757e-01	-2.61264e-01	
2.68179e-06	-1.84425e-01	-3.14494e-01	
2.68415e-06	-1.26758e-01	-3.67767e-01	
2.68651e-06	-6.43024e-02	-4.19498e-01	
2.68887e-06	1.38042e-03	-4.66840e-01	
2.69122e-06	6.62778e-02	-5.06517e-01	
2.69358e-06	1.27313e-01	-5.35755e-01	
2.69594e-06	1.84546e-01	-5.52972e-01	
2.69830e-06	2.40186e-01	-5.58082e-01	
2.70066e-06	2.93260e-01	-5.52418e-01	
2.70302e-06	3.39796e-01	-5.38347e-01	
2.70538e-06	3.78837e-01	-5.18651e-01	
2.70774e-06	4.13307e-01	-4.95756e-01	
2.71009e-06	4.44609e-01	-4.70966e-01	
2.71245e-06	4.69906e-01	-4.43957e-01	
2.71481e-06	4.85511e-01	-4.12785e-01	
2.71717e-06	4.91171e-01	-3.74509e-01	
2.71953e-06	4.89660e-01	-3.26277e-01	
2.72189e-06	4.83326e-01	-2.66499e-01	
2.72425e-06	4.71670e-01	-1.95682e-01	
2.72660e-06	4.52151e-01	-1.16626e-01	
2.72896e-06	4.23777e-01	-3.39138e-02	
2.73132e-06	3.87938e-01	4.71004e-02	
2.73368e-06	3.46620e-01	1.21514e-01	
2.73604e-06	3.00411e-01	1.85948e-01	
2.73840e-06	2.48168e-01	2.39207e-01	
2.74076e-06	1.90872e-01	2.82373e-01	
2.74311e-06	1.31149e-01	3.18306e-01	
2.74547e-06	7.02148e-02	3.50710e-01	
2.74783e-06	8.35534e-03	3.82976e-01	
2.75019e-06	-5.49181e-02	4.17126e-01	
2.75255e-06	-1.19240e-01	4.53126e-01	
2.75491e-06	-1.81079e-01	4.88730e-01	
2.75727e-06	-2.36621e-01	5.19926e-01	
2.75963e-06	-2.86375e-01	5.41855e-01	
2.76198e-06	-3.33335e-01	5.50029e-01	
2.76434e-06	-3.77606e-01	5.41539e-01	
2.76670e-06	-4.15551e-01	5.15937e-01	
2.76906e-06	-4.43923e-01	4.75503e-01	
2.77142e-06	-4.63492e-01	4.24739e-01	
2.77378e-06	-4.77515e-01	3.69148e-01	
2.77614e-06	-4.86593e-01	3.13639e-01	
2.77849e-06	-4.87659e-01	2.61069e-01	
2.78085e-06	-4.78783e-01	2.11481e-01	
2.78321e-06	-4.62060e-01	1.62362e-01	
2.78557e-06	-4.40335e-01	1.09890e-01	
2.78793e-06	-4.13206e-01	5.07181e-02	
2.79029e-06	-3.78158e-01	-1.64151e-02	
2.79265e-06	-3.34842e-01	-8.98895e-02	
2.79501e-06	-2.86301e-01	-1.65545e-01	
2.79736e-06	-2.35678e-01	-2.37987e-01	
2.79972e-06	-1.82961e-01	-3.02284e-01	
2.80208e-06	-1.26255e-01	-3.55375e-01	
2.80444e-06	-6.60526e-02	-3.96684e-01	
2.80680e-06	-5.86389e-03	-4.27833e-01	
2.80916e-06	5.20874e-02	-4.51715e-01	
2.81152e-06	1.09406e-01	-4.71332e-01	
2.81387e-06	1.67937e-01	-4.88795e-01	
2.81623e-06	2.25778e-01	-5.04672e-01	
2.81859e-06	2.78980e-01	-5.17768e-01	
2.82095e-06	3.25521e-01	-5.25363e-01	
2.82331e-06	3.66167e-01	-5.23885e-01	
2.82567e-06	4.02060e-01	-5.09970e-01	
2.82803e-06	4.32422e-01	-4.81627e-01	
2.83039e-06	4.55034e-01	-4.39116e-01	
2.83274e-06	4.68985e-01	-3.85098e-01	
2.83510e-06	4.76006e-01	-3.23882e-01	
2.83746e-06	4.77913e-01	-2.60037e-01	
2.83982e-06	4.73448e-01	-1.96940e-01	
2.84218e-06	4.59752e-01	-1.35927e-01	
2.84454e-06	4.36811e-01	-7.63941e-02	
2.84690e-06	4.07713e-01	-1.66969e-02	
2.84925e-06	3.74177e-01	4.46547e-02	
2.85161e-06	3.34733e-01	1.08086e-01	
2.85397e-06	2.88278e-01	1.72643e-01	
2.85633e-06	2.36723e-01	2.36238e-01	
2.85869e-06	1.82927e-01	2.96192e-01	
2.86105e-06	1.27707e-01	3.49841e-01	
2.86341e-06	6.99232e-02	3.95089e-01	
2.86577e-06	9.04142e-03	4.30875e-01	
2.86812e-06	-5.30504e-02	4.57466e-01	
2.87048e-06	-1.13070e-01	4.76382e-01	
2.87284e-06	-1.69344e-01	4.89819e-01	
2.87520e-06	-2.22891e-01	4.99635e-01	
2.87756e-06	-2.74596e-01	5.06343e-01	
2.87992e-06	-3.22745e-01	5.08642e-01	
2.88228e-06	-3.64363e-01	5.03828e-01	
2.88463e-06	-3.98923e-01	4.88971e-01	
2.88699e-06	-4.28238e-01	4.62274e-01	
2.88935e-06	-4.52410e-01	4.23936e-01	
2.89171e-06	-4.69122e-01	3.76137e-01	
2.89407e-06	-4.76672e-01	3.22264e-01	
2.89643e-06	-4.76687e-01	2.65812e-01	
2.89879e-06	-4.71482e-01	2.09459e-01	
2.90114e-06	-4.60548e-01	1.54541e-01	
2.90350e-06	-4.41626e-01	1.00920e-01	
2.90586e-06	-4.13549e-01	4.71933e-02	
2.90822e-06	-3.78082e-01	-8.75879e-03	
2.91058e-06	-3.38268e-01	-6.88564e-02	
2.91294e-06	-2.94638e-01	-1.33690e-01	
2.91530e-06	-2.45373e-01	-2.01629e-01	
2.91766e-06	-1.90403e-01	-2.68756e-01	
2.92001e-06	-1.32676e-01	-3.29901e-01	
2.92237e-06	-7.48950e-02	-3.80508e-01	
2.92473e-06	-1.63552e-02	-4.18443e-01	
2.92709e-06	4.49874e-02	-4.44799e-01	
2.92945e-06	1.07378e-01	-4.63188e-01	
2.93181e-06	1.66167e-01	-4.77865e-01	
2.93417e-06	2.19856e-01	-4.91607e-01	
2.93652e-06	2.70698e-01	-5.04400e-01	
2.93888e-06	3.19451e-01	-5.13473e-01	
2.94124e-06	3.63365e-01	-5.14550e-01	
2.94360e-06	3.99733e-01	-5.03657e-01	
2.94596e-06	4.28584e-01	-4.78689e-01	
2.94832e-06	4.51762e-01	-4.40202e-01	
2.95068e-06	4.69501e-01	-3.91215e-01	
2.95304e-06	4.79474e-01	-3.36173e-01	
2.95539e-06	4.80466e-01	-2.79453e-01	
2.95775e-06	4.74197e-01	-2.23950e-01	
2.96011e-06	4.62588e-01	-1.70267e-01	
2.96247e-06	4.45103e-01	-1.16861e-01	
2.96483e-06	4.19495e-01	-6.10979e-02	
2.96719e-06	3.85371e-01	-7.53152e-04	
2.96955e-06	3.45609e-01	6.47122e-02	
2.97190e-06	3.02472e-01	1.33659e-01	
2.97426e-06	2.54964e-01	2.02700e-01	
2.97662e-06	2.01351e-01	2.67749e-01	
2.97898e-06	1.42674e-01	3.25214e-01	
2.98134e-06	8.24150e-02	3.72893e-01	
2.98370e-06	2.27435e-02	4.10395e-01	
2.98606e-06	-3.70020e-02	4.39046e-01	
2.98842e-06	-9.72637e-02	4.61316e-01	
2.99077e-06	-1.56451e-01	4.79827e-01	
2.99313e-06	-2.12411e-01	4.96150e-01	
2.99549e-06	-2.64127e-01	5.09843e-01	
2.99785e-06	-3.12233e-01	5.18266e-01	
3.00021e-06	-3.56840e-01	5.17480e-01	
3.00257e-06	-3.95749e-01	5.03974e-01	
3.00493e-06	-4.26399e-01	4.76407e-01	
3.00728e-06	-4.49108e-01	4.36443e-01	
3.00964e-06	-4.66147e-01	3.88147e-01	
3.01200e-06	-4.77687e-01	3.36256e-01	
3.01436e-06	-4.81595e-01	2.84222e-01	
3.01672e-06	-4.76482e-01	2.33048e-01	
3.01908e-06	-4.63091e-01	1.81412e-01	
3.02144e-06	-4.43446e-01	1.26844e-01	
3.02379e-06	-4.18335e-01	6.72541e-02	
3.02615e-06	-3.86264e-01	2.06072e-03	
3.02851e-06	-3.46705e-01	-6.74315e-02	
3.03087e-06	-3.01920e-01	-1.38354e-01	
3.03323e-06	-2.53651e-01	-2.07022e-01	
3.03559e-06	-2.01029e-01	-2.69833e-01	
3.03795e-06	-1.43301e-01	-3.24135e-01	
3.04031e-06	-8.25138e-02	-3.68868e-01	
3.04266e-06	-2.20924e-02	-4.04771e-01	
3.04502e-06	3.65979e-02	-4.33941e-01	
3.04738e-06	9.48237e-02	-4.58801e-01	
3.04974e-06	1.53125e-01	-4.80810e-01	
3.05210e-06	2.09210e-01	-4.99529e-01	
3.05446e-06	2.60470e-01	-5.12561e-01	
3.05682e-06	3.06921e-01	-5.16479e-01	
3.05917e-06	3.49930e-01	-5.08368e-01	
3.06153e-06	3.88718e-01	-4.87226e-01	
3.06389e-06	4.20344e-01	-4.54559e-01	
3.06625e-06	4.43370e-01	-4.13857e-01	
3.06861e-06	4.59260e-01	-3.69229e-01	
3.07097e-06	4.69346e-01	-3.23830e-01	
3.07333e-06	4.72618e-01	-2.78797e-01	
3.07569e-06	4.67458e-01	-2.33106e-01	
3.07804e-06	4.54117e-01	-1.84351e-01	
3.08040e-06	4.34245e-01	-1.30064e-01	
3.08276e-06	4.08278e-01	-6.90023e-02	
3.08512e-06	3.75071e-01	-1.93603e-03	
3.08748e-06	3.34415e-01	6.83359e-02	
3.08984e-06	2.88436e-01	1.37732e-01	
3.09220e-06	2.39498e-01	2.02132e-01	
3.09455e-06	1.87898e-01	2.58692e-01	
3.09691e-06	1.32691e-01	3.06713e-01	
3.09927e-06	7.41953e-02	3.47660e-01	
3.10163e-06	1.46373e-02	3.84214e-01	
3.10399e-06	-4.39540e-02	4.18684e-01	
3.10635e-06	-1.01315e-01	4.51507e-01	
3.10871e-06	-1.57661e-01	4.80641e-01	
3.11107e-06	-2.11795e-01	5.02274e-01	
3.11342e-06	-2.61923e-01	5.12592e-01	
3.11578e-06	-3.07196e-01	5.09685e-01	
3.11814e-06	-3.47364e-01	4.94519e-01	
3.12050e-06	-3.81807e-01	4.70411e-01	
3.12286e-06	-4.09662e-01	4.41275e-01	
3.12522e-06	-4.30447e-01	4.09683e-01	
3.12758e-06	-4.44339e-01	3.75817e-01	
3.12993e-06	-4.52081e-01	3.37858e-01	
3.13229e-06	-4.54013e-01	2.93437e-01	
3.13465e-06	-4.49030e-01	2.41242e-01	
3.13701e-06	-4.35808e-01	1.81869e-01	
3.13937e-06	-4.14841e-01	1.17597e-01	
3.14173e-06	-3.87939e-01	5.14452e-02	
3.14409e-06	-3.55969e-01	-1.38788e-02	
3.14644e-06	-3.18273e-01	-7.65869e-02	
3.14880e-06	-2.74697e-01	-1.35883e-01	
3.15116e-06	-2.26644e-01	-1.91679e-01	
3.15352e-06	-1.75601e-01	-2.44224e-01	
3.15588e-06	-1.21975e-01	-2.93775e-01	
3.15824e-06	-6.54757e-02	-3.40329e-01	
3.16060e-06	-7.28008e-03	-3.83410e-01	
3.16296e-06	5.00666e-02	-4.21971e-01	
3.16531e-06	1.05319e-01	-4.54502e-01	
3.16767e-06	1.59324e-01	-4.79350e-01	
3.17003e-06	2.12539e-01	-4.95161e-01	
3.17239e-06	2.62624e-01	-5.01275e-01	
3.17475e-06	3.07307e-01	-4.97936e-01	
3.17711e-06	3.46485e-01	-4.86231e-01	
3.17947e-06	3.80579e-01	-4.67764e-01	
3.18182e-06	4.09145e-01	-4.44098e-01	
3.18418e-06	4.30629e-01	-4.16135e-01	
3.18654e-06	4.44244e-01	-3.83692e-01	
3.18890e-06	4.50761e-01	-3.45569e-01	
3.19126e-06	4.50902e-01	-3.00245e-01	
3.19362e-06	4.44479e-01	-2.46972e-01	
3.19598e-06	4.30418e-01	-1.86676e-01	
3.19834e-06	4.08430e-01	-1.22072e-01	
3.20069e-06	3.80451e-01	-5.67689e-02	
3.20305e-06	3.47869e-01	6.19187e-03	
3.20541e-06	3.09712e-01	6.55312e-02	
3.20777e-06	2.65435e-01	1.21906e-01	
3.21013e-06	2.16618e-01	1.76961e-01	
3.21249e-06	1.65657e-01	2.31874e-01	
3.21485e-06	1.12859e-01	2.86286e-01	
3.21720e-06	5.71854e-02	3.38232e-01	
3.21956e-06	-3.45388e-04	3.84969e-01	
3.22192e-06	-5.72282e-02	4.24101e-01	
3.22428e-06	-1.12104e-01	4.54318e-01	
3.22664e-06	-1.65464e-01	4.75500e-01	
3.22900e-06	-2.17514e-01	4.88334e-01	
3.23136e-06	-2.66904e-01	4.93831e-01	
3.23372e-06	-3.11498e-01	4.92922e-01	
3.23607e-06	-3.50369e-01	4.86150e-01	
3.23843e-06	-3.84499e-01	4.73408e-01	
3.24079e-06	-4.13890e-01	4.53845e-01	
3.24315e-06	-4.36717e-01	4.26171e-01	
3.24551e-06	-4.51706e-01	3.89436e-01	
3.24787e-06	-4.59219e-01	3.43947e-01	
3.25023e-06	-4.60472e-01	2.91700e-01	
3.25258e-06	-4.55007e-01	2.35869e-01	
3.25494e-06	-4.40912e-01	1.79465e-01	
3.25730e-06	-4.18843e-01	1.23921e-01	
3.25966e-06	-3.91330e-01	6.85630e-02	
3.26202e-06	-3.58883e-01	1.13937e-02	
3.26438e-06	-3.20381e-01	-4.92179e-02	
3.26674e-06	-2.75355e-01	-1.13002e-01	
3.26909e-06	-2.25350e-01	-1.77392e-01	
3.27145e-06	-1.72890e-01	-2.38520e-01	
3.27381e-06	-1.18426e-01	-2.92960e-01	
3.27617e-06	-6.10470e-02	-3.39136e-01	
3.27853e-06	-1.61521e-03	-3.77606e-01	
3.28089e-06	5.75004e-02	-4.10168e-01	
3.28325e-06	1.14982e-01	-4.38450e-01	
3.28561e-06	1.71047e-01	-4.62844e-01	
3.28796e-06	2.25425e-01	-4.82276e-01	
3.29032e-06	2.76114e-01	-4.94789e-01	
3.29268e-06	3.21243e-01	-4.98443e-01	
3.29504e-06	3.61072e-01	-4.92064e-01	
3.29740e-06	3.96391e-01	-4.75561e-01	
3.29976e-06	4.26119e-01	-4.49829e-01	
3.30212e-06	4.48275e-01	-4.16394e-01	
3.30447e-06	4.62345e-01	-3.76972e-01	
3.30683e-06	4.69392e-01	-3.33036e-01	
3.30919e-06	4.70130e-01	-2.85520e-01	
3.31155e-06	4.64008e-01	-2.34743e-01	
3.31391e-06	4.50235e-01	-1.80634e-01	
3.31627e-06	4.28615e-01	-1.23174e-01	
3.31863e-06	4.00050e-01	-6.28437e-02	
3.32099e-06	3.66085e-01	-8.13143e-04	
3.32334e-06	3.26906e-01	6.12412e-02	
3.32570e-06	2.81689e-01	1.21606e-01	
3.32806e-06	2.31307e-01	1.78993e-01	
3.33042e-06	1.77827e-01	2.32731e-01	
3.33278e-06	1.21889e-01	2.82599e-01	
3.33514e-06	6.33627e-02	3.28458e-01	
3.33750e-06	3.50552e-03	3.69958e-01	
3.33985e-06	-5.53595e-02	4.06478e-01	
3.34221e-06	-1.11966e-01	4.37287e-01	
3.34457e-06	-1.67228e-01	4.61724e-01	
3.34693e-06	-2.21806e-01	4.79230e-01	
3.34929e-06	-2.73557e-01	4.89244e-01	
3.35165e-06	-3.19552e-01	4.91139e-01	
3.35401e-06	-3.59469e-01	4.84367e-01	
3.35637e-06	-3.94475e-01	4.68816e-01	
3.35872e-06	-4.24153e-01	4.45129e-01	
3.36108e-06	-4.46968e-01	4.14674e-01	
3.36344e-06	-4.62220e-01	3.79047e-01	
3.36580e-06	-4.70469e-01	3.39333e-01	
3.36816e-06	-4.72232e-01	2.95607e-01	
3.37052e-06	-4.66585e-01	2.47077e-01	
3.37288e-06	-4.52274e-01	1.92884e-01	
3.37523e-06	-4.30094e-01	1.33102e-01	
3.37759e-06	-4.02228e-01	6.92975e-02	
3.37995e-06	-3.68902e-01	4.21081e-03	
3.38231e-06	-3.28785e-01	-5.92827e-02	
3.38467e-06	-2.82005e-01	-1.19326e-01	
3.38703e-06	-2.30649e-01	-1.75617e-01	
3.38939e-06	-1.76619e-01	-2.28999e-01	
3.39174e-06	-1.20404e-01	-2.80370e-01	
3.39410e-06	-6.20065e-02	-3.29636e-01	
3.39646e-06	-2.43577e-03	-3.75332e-01	
3.39882e-06	5.61803e-02	-4.15126e-01	
3.40118e-06	1.13069e-01	-4.46827e-01	
3.40354e-06	1.68835e-01	-4.69264e-01	
3.40590e-06	2.22794e-01	-4.82540e-01	
3.40826e-06	2.72707e-01	-4.87651e-01	
3.41061e-06	3.17190e-01	-4.85782e-01	
3.41297e-06	3.56748e-01	-4.77732e-01	
3.41533e-06	3.91836e-01	-4.63695e-01	
3.41769e-06	4.21414e-01	-4.43353e-01	
3.42005e-06	4.43814e-01	-4.16134e-01	
3.42241e-06	4.58330e-01	-3.81507e-01	
3.42477e-06	4.65769e-01	-3.39307e-01	
3.42712e-06	4.66775e-01	-2.90087e-01	
3.42948e-06	4.60621e-01	-2.35319e-01	
3.43184e-06	4.46611e-01	-1.77233e-01	
3.43420e-06	4.25310e-01	-1.18186e-01	
3.43656e-06	3.97740e-01	-5.97813e-02	
3.43892e-06	3.64282e-01	-2.27278e-03	
3.44128e-06	3.24574e-01	5.52701e-02	
3.44364e-06	2.78954e-01	1.13973e-01	
3.44599e-06	2.29385e-01	1.73885e-01	
3.44835e-06	1.77469e-01	2.33239e-01	
3.45071e-06	1.22782e-01	2.88833e-01	
3.45307e-06	6.47387e-02	3.37375e-01	
3.45543e-06	5.02537e-03	3.77000e-01	
3.45779e-06	-5.35609e-02	4.07996e-01	
3.46015e-06	-1.10305e-01	4.32270e-01	
3.46250e-06	-1.66311e-01	4.51905e-01	
3.46486e-06	-2.21096e-01	4.67715e-01	
3.46722e-06	-2.72013e-01	4.78684e-01	
3.46958e-06	-3.17276e-01	4.82552e-01	
3.47194e-06	-3.57602e-01	4.77114e-01	
3.47430e-06	-3.93733e-01	4.61405e-01	
3.47666e-06	-4.24003e-01	4.36144e-01	
3.47902e-06	-4.46294e-01	4.03287e-01	
3.48137e-06	-4.61010e-01	3.65071e-01	
3.48373e-06	-4.69685e-01	3.23103e-01	
3.48609e-06	-4.71824e-01	2.77921e-01	
3.48845e-06	-4.65484e-01	2.29157e-01	
3.49081e-06	-4.50450e-01	1.76132e-01	
3.49317e-06	-4.28978e-01	1.18590e-01	
3.49553e-06	-4.02434e-01	5.72268e-02	
3.49788e-06	-3.69633e-01	-6.20860e-03	
3.50024e-06	-3.29655e-01	-6.93069e-02	
3.50260e-06	-2.84213e-01	-1.29715e-01	
3.50496e-06	-2.35523e-01	-1.85847e-01	
3.50732e-06	-1.83354e-01	-2.37242e-01	
3.50968e-06	-1.26891e-01	-2.84384e-01	
3.51204e-06	-6.75454e-02	-3.28091e-01	
3.51439e-06	-7.92496e-03	-3.68780e-01	
3.51675e-06	5.09877e-02	-4.05947e-01	
3.51911e-06	1.09768e-01	-4.38100e-01	
3.52147e-06	1.67849e-01	-4.63137e-01	
3.52383e-06	2.23023e-01	-4.79046e-01	
3.52619e-06	2.73584e-01	-4.84674e-01	
3.52855e-06	3.19665e-01	-4.80273e-01	
3.53091e-06	3.62001e-01	-4.67505e-01	
3.53326e-06	3.99560e-01	-4.48780e-01	
3.53562e-06	4.29861e-01	-4.26096e-01	
3.53798e-06	4.52101e-01	-3.99955e-01	
3.54034e-06	4.67855e-01	-3.69056e-01	
3.54270e-06	4.77731e-01	-3.31126e-01	
3.54506e-06	4.79874e-01	-2.84553e-01	
3.54742e-06	4.73157e-01	-2.29842e-01	
3.54977e-06	4.59029e-01	-1.69876e-01	
3.55213e-06	4.39017e-01	-1.08701e-01	
3.55449e-06	4.12587e-01	-4.95246e-02	
3.55685e-06	3.78414e-01	6.73973e-03	
3.55921e-06	3.37120e-01	6.14272e-02	
3.56157e-06	2.91213e-01	1.16625e-01	
3.56393e-06	2.41766e-01	1.73305e-01	
3.56629e-06	1.87672e-01	2.30346e-01	
3.56864e-06	1.28877e-01	2.85003e-01	
3.57100e-06	6.79642e-02	3.34315e-01	
3.57336e-06	7.47872e-03	3.76382e-01	
3.57572e-06	-5.25547e-02	4.10724e-01	
3.57808e-06	-1.12813e-01	4.37781e-01	
3.58044e-06	-1.71791e-01	4.58163e-01	
3.58280e-06	-2.27032e-01	4.72249e-01	
3.58515e-06	-2.77941e-01	4.80173e-01	
3.58751e-06	-3.25231e-01	4.81844e-01	
3.58987e-06	-3.68490e-01	4.76766e-01	
3.59223e-06	-4.05594e-01	4.63886e-01	
3.59459e-06	-4.34927e-01	4.41903e-01	
3.59695e-06	-4.57234e-01	4.10171e-01	
3.59931e-06	-4.73713e-01	3.69648e-01	
3.60167e-06	-4.83249e-01	3.23022e-01	
3.60402e-06	-4.83812e-01	2.73614e-01	
3.60638e-06	-4.75999e-01	2.23641e-01	
3.60874e-06	-4.62156e-01	1.73072e-01	
3.61110e-06	-4.42185e-01	1.20033e-01	
3.61346e-06	-4.14048e-01	6.25764e-02	
3.61582e-06	-3.78166e-01	5.86183e-04	
3.61818e-06	-3.37291e-01	-6.35781e-02	
3.62053e-06	-2.92395e-01	-1.26134e-01	
3.62289e-06	-2.42564e-01	-1.83813e-01	
3.62525e-06	-1.87867e-01	-2.35279e-01	
3.62761e-06	-1.30226e-01	-2.81167e-01	
3.62997e-06	-7.15794e-02	-3.22937e-01	
3.63233e-06	-1.20344e-02	-3.61557e-01	
3.63469e-06	4.88037e-02	-3.96866e-01	
3.63704e-06	1.09411e-01	-4.27739e-01	
3.63940e-06	1.67129e-01	-4.52596e-01	
3.64176e-06	2.21131e-01	-4.69789e-01	
3.64412e-06	2.72318e-01	-4.77871e-01	
3.64648e-06	3.20488e-01	-4.76016e-01	
3.64884e-06	3.63563e-01	-4.64605e-01	
3.65120e-06	3.99877e-01	-4.45493e-01	
3.65356e-06	4.29706e-01	-4.21380e-01	
3.65591e-06	4.53630e-01	-3.94350e-01	
3.65827e-06	4.70640e-01	-3.64453e-01	
3.66063e-06	4.79361e-01	-3.29545e-01	
3.66299e-06	4.80229e-01	-2.86783e-01	
3.66535e-06	4.74454e-01	-2.34929e-01	
3.66771e-06	4.62088e-01	-1.75777e-01	
3.67007e-06	4.42035e-01	-1.13581e-01	
3.67242e-06	4.13969e-01	-5.27643e-02	
3.67478e-06	3.79463e-01	4.43640e-03	
3.67714e-06	3.39970e-01	5.87406e-02	
3.67950e-06	2.95465e-01	1.12531e-01	
3.68186e-06	2.45562e-01	1.67584e-01	
3.68422e-06	1.91536e-01	2.23494e-01	
3.68658e-06	1.35372e-01	2.77786e-01	
3.68894e-06	7.75572e-02	3.27325e-01	
3.69129e-06	1.79097e-02	3.69810e-01	
3.69365e-06	-4.25753e-02	4.04359e-01	
3.69601e-06	-1.01779e-01	4.31139e-01	
3.69837e-06	-1.58683e-01	4.50695e-01	
3.70073e-06	-2.13411e-01	4.63600e-01	
3.70309e-06	-2.65383e-01	4.70437e-01	
3.70545e-06	-3.13000e-01	4.71685e-01	
3.70780e-06	-3.54619e-01	4.67311e-01	
3.71016e-06	-3.89911e-01	4.56398e-01	
3.71252e-06	-4.19458e-01	4.37380e-01	
3.71488e-06	-4.42968e-01	4.09040e-01	
3.71724e-06	-4.58978e-01	3.71657e-01	
3.71960e-06	-4.66934e-01	3.27349e-01	
3.72196e-06	-4.68052e-01	2.79170e-01	
3.72432e-06	-4.62940e-01	2.29491e-01	
3.72667e-06	-4.50532e-01	1.78831e-01	
3.72903e-06	-4.30381e-01	1.26002e-01	
3.73139e-06	-4.03650e-01	6.94301e-02	
3.73375e-06	-3.71406e-01	8.68397e-03	
3.73611e-06	-3.33594e-01	-5.48480e-02	
3.73847e-06	-2.89720e-01	-1.18439e-01	
3.74083e-06	-2.40784e-01	-1.79156e-01	
3.74318e-06	-1.88634e-01	-2.34856e-01	
3.74554e-06	-1.34005e-01	-2.84577e-01	
3.74790e-06	-7.68934e-02	-3.28418e-01	
3.75026e-06	-1.79480e-02	-3.67148e-01	
3.75262e-06	4.08189e-02	-4.01699e-01	
3.75498e-06	9.79550e-02	-4.32521e-01	
3.75734e-06	1.53527e-01	-4.58948e-01	
3.75970e-06	2.07277e-01	-4.79015e-01	
3.76205e-06	2.57951e-01	-4.90120e-01	
3.76441e-06	3.03988e-01	-4.90395e-01	
3.76677e-06	3.44637e-01	-4.79968e-01	
3.76913e-06	3.80157e-01	-4.61101e-01	
3.77149e-06	4.10183e-01	-4.36901e-01	
3.77385e-06	4.33351e-01	-4.09379e-01	
3.77621e-06	4.48927e-01	-3.78232e-01	
3.77856e-06	4.57441e-01	-3.41295e-01	
3.78092e-06	4.59402e-01	-2.96359e-01	
3.78328e-06	4.54300e-01	-2.43043e-01	
3.78564e-06	4.41338e-01	-1.83411e-01	
3.78800e-06	4.20933e-01	-1.20997e-01	
3.79036e-06	3.94447e-01	-5.90730e-02	
3.79272e-06	3.62411e-01	6.55389e-04	
3.79507e-06	3.24420e-01	5.82155e-02	
3.79743e-06	2.80740e-01	1.14614e-01	
3.79979e-06	2.32771e-01	1.70824e-01	
3.80215e-06	1.81776e-01	2.27045e-01	
3.80451e-06	1.27834e-01	2.82326e-01	
3.80687e-06	7.08752e-02	3.34529e-01	
3.80923e-06	1.24113e-02	3.80697e-01	
3.81159e-06	-4.56211e-02	4.17991e-01	
3.81394e-06	-1.02472e-01	4.44955e-01	
3.81630e-06	-1.57837e-01	4.62392e-01	
3.81866e-06	-2.10892e-01	4.72992e-01	
3.82102e-06	-2.60069e-01	4.79601e-01	
3.82338e-06	-3.04323e-01	4.83125e-01	
3.82574e-06	-3.44115e-01	4.81608e-01	
3.82810e-06	-3.79468e-01	4.71344e-01	
3.83045e-06	-4.08963e-01	4.49417e-01	
3.83281e-06	-4.31303e-01	4.15858e-01	
3.83517e-06	-4.46533e-01	3.73842e-01	
3.83753e-06	-4.55562e-01	3.27751e-01	
3.83989e-06	-4.58095e-01	2.80572e-01	
3.84225e-06	-4.52609e-01	2.32488e-01	
3.84461e-06	-4.39278e-01	1.81545e-01	
3.84697e-06	-4.19863e-01	1.25677e-01	
3.84932e-06	-3.94819e-01	6.45193e-02	
3.85168e-06	-3.63076e-01	-1.38222e-04	
3.85404e-06	-3.24447e-01	-6.52379e-02	
3.85640e-06	-2.80719e-01	-1.27783e-01	
3.85876e-06	-2.33599e-01	-1.85736e-01	
3.86112e-06	-1.82726e-01	-2.38257e-01	
3.86348e-06	-1.27667e-01	-2.85545e-01	
3.86583e-06	-7.02047e-02	-3.28511e-01	
3.86819e-06	-1.25995e-02	-3.68242e-01	
3.87055e-06	4.47921e-02	-4.05165e-01	
3.87291e-06	1.02513e-01	-4.38249e-01	
3.87527e-06	1.59384e-01	-4.64934e-01	
3.87763e-06	2.12853e-01	-4.82192e-01	
3.87999e-06	2.62152e-01	-4.88264e-01	
3.88235e-06	3.08373e-01	-4.83902e-01	
3.88470e-06	3.50877e-01	-4.72026e-01	
3.88706e-06	3.87181e-01	-4.55871e-01	
3.88942e-06	4.16405e-01	-4.36852e-01	
3.89178e-06	4.39645e-01	-4.13692e-01	
3.89414e-06	4.57182e-01	-3.83472e-01	
3.89650e-06	4.67417e-01	-3.43820e-01	
3.89886e-06	4.69035e-01	-2.94682e-01	
3.90121e-06	4.62787e-01	-2.38527e-01	
3.90357e-06	4.50017e-01	-1.79028e-01	
3.90593e-06	4.30411e-01	-1.19265e-01	
3.90829e-06	4.02985e-01	-6.06119e-02	
3.91065e-06	3.68490e-01	-2.77690e-03	
3.91301e-06	3.28958e-01	5.53059e-02	
3.91537e-06	2.85156e-01	1.14400e-01	
3.91772e-06	2.36291e-01	1.74214e-01	
3.92008e-06	1.82707e-01	2.33184e-01	
3.92244e-06	1.26503e-01	2.88789e-01	
3.92480e-06	6.93402e-02	3.38331e-01	
3.92716e-06	1.10492e-02	3.79917e-01	
3.92952e-06	-4.86273e-02	4.13179e-01	
3.93188e-06	-1.07969e-01	4.39239e-01	
3.93424e-06	-1.64637e-01	4.59805e-01	
3.93659e-06	-2.18106e-01	4.75872e-01	
3.93895e-06	-2.68964e-01	4.86883e-01	
3.94131e-06	-3.16135e-01	4.90937e-01	
3.94367e-06	-3.57454e-01	4.85919e-01	
3.94603e-06	-3.92358e-01	4.70782e-01	
3.94839e-06	-4.21642e-01	4.46141e-01	
3.95075e-06	-4.45293e-01	4.13900e-01	
3.95310e-06	-4.61688e-01	3.76252e-01	
3.95546e-06	-4.69644e-01	3.34755e-01	
3.95782e-06	-4.70267e-01	2.89928e-01	
3.96018e-06	-4.64714e-01	2.41441e-01	
3.96254e-06	-4.52134e-01	1.88654e-01	
3.96490e-06	-4.31387e-01	1.31268e-01	
3.96726e-06	-4.03164e-01	6.98599e-02	
3.96962e-06	-3.69434e-01	6.11872e-03	
3.97197e-06	-3.30851e-01	-5.74443e-02	
3.97433e-06	-2.86467e-01	-1.18302e-01	
3.97669e-06	-2.36461e-01	-1.74887e-01	
3.97905e-06	-1.83197e-01	-2.27122e-01	
3.98141e-06	-1.28261e-01	-2.76042e-01	
3.98377e-06	-7.09013e-02	-3.22659e-01	
3.98613e-06	-1.13891e-02	-3.66771e-01	
3.98848e-06	4.78931e-02	-4.06581e-01	
3.99084e-06	1.05285e-01	-4.39402e-01	
3.99320e-06	1.61083e-01	-4.63000e-01	
3.99556e-06	2.15704e-01	-4.76677e-01	
3.99792e-06	2.67667e-01	-4.81414e-01	
4.00028e-06	3.14645e-01	-4.79058e-01	
4.00264e-06	3.55921e-01	-4.71130e-01	
4.00500e-06	3.92184e-01	-4.57991e-01	
4.00735e-06	4.22906e-01	-4.38780e-01	
4.00971e-06	4.46230e-01	-4.12092e-01	
4.01207e-06	4.61653e-01	-3.76966e-01	
4.01443e-06	4.70286e-01	-3.33686e-01	
4.01679e-06	4.72429e-01	-2.83959e-01	
4.01915e-06	4.67009e-01	-2.30359e-01	
4.02151e-06	4.53276e-01	-1.75285e-01	
4.02386e-06	4.32262e-01	-1.20003e-01	
4.02622e-06	4.05607e-01	-6.43556e-02	
4.02858e-06	3.73062e-01	-7.37374e-03	
4.03094e-06	3.33551e-01	5.15930e-02	
4.03330e-06	2.88120e-01	1.11953e-01	
4.03566e-06	2.39205e-01	1.71770e-01	
4.03802e-06	1.87339e-01	2.28504e-01	
4.04037e-06	1.31836e-01	2.80047e-01	
4.04273e-06	7.35341e-02	3.25369e-01	
4.04509e-06	1.45339e-02	3.64465e-01	
4.04745e-06	-4.36777e-02	3.97801e-01	
4.04981e-06	-1.01235e-01	4.25723e-01	
4.05217e-06	-1.58071e-01	4.48134e-01	
4.05453e-06	-2.12464e-01	4.64454e-01	
4.05689e-06	-2.62693e-01	4.73746e-01	
4.05924e-06	-3.08609e-01	4.74969e-01	
4.06160e-06	-3.50561e-01	4.67370e-01	
4.06396e-06	-3.87388e-01	4.50951e-01	
4.06632e-06	-4.17316e-01	4.26700e-01	
4.06868e-06	-4.40247e-01	3.96300e-01	
4.07104e-06	-4.57141e-01	3.61352e-01	
4.07340e-06	-4.67841e-01	3.22578e-01	
4.07575e-06	-4.70676e-01	2.79602e-01	
4.07811e-06	-4.65020e-01	2.31532e-01	
4.08047e-06	-4.52506e-01	1.77972e-01	
4.08283e-06	-4.34042e-01	1.19744e-01	
4.08519e-06	-4.08385e-01	5.88460e-02	
4.08755e-06	-3.75174e-01	-2.29019e-03	
4.08991e-06	-3.36313e-01	-6.16877e-02	
4.09227e-06	-2.93138e-01	-1.18335e-01	
4.09462e-06	-2.45132e-01	-1.72128e-01	
4.09698e-06	-1.92247e-01	-2.23424e-01	
4.09934e-06	-1.36204e-01	-2.72485e-01	
4.10170e-06	-7.89419e-02	-3.19029e-01	
4.10406e-06	-2.09301e-02	-3.61994e-01	
4.10642e-06	3.80989e-02	-3.99633e-01	
4.10878e-06	9.70328e-02	-4.30019e-01	
4.11113e-06	1.53834e-01	-4.51798e-01	
4.11349e-06	2.07627e-01	-4.64791e-01	
4.11585e-06	2.58673e-01	-4.69999e-01	
4.11821e-06	3.06428e-01	-4.68887e-01	
4.12057e-06	3.49087e-01	-4.62376e-01	
4.12293e-06	3.85535e-01	-4.50207e-01	
4.12529e-06	4.16079e-01	-4.31168e-01	
4.12765e-06	4.40892e-01	-4.04015e-01	
4.13000e-06	4.59004e-01	-3.68471e-01	
4.13236e-06	4.69175e-01	-3.25641e-01	
4.13472e-06	4.71588e-01	-2.77625e-01	
4.13708e-06	4.67290e-01	-2.26615e-01	
4.13944e-06	4.56034e-01	-1.74034e-01	
4.14180e-06	4.36753e-01	-1.20179e-01	
4.14416e-06	4.09725e-01	-6.44973e-02	
4.14651e-06	3.76580e-01	-6.36102e-03	
4.14887e-06	3.38260e-01	5.40682e-02	
4.15123e-06	2.94190e-01	1.15338e-01	
4.15359e-06	2.44485e-01	1.74928e-01	
4.15595e-06	1.91124e-01	2.30170e-01	
4.15831e-06	1.35594e-01	2.79395e-01	
4.16067e-06	7.79075e-02	3.22536e-01	
4.16302e-06	1.83549e-02	3.60742e-01	
4.16538e-06	-4.14072e-02	3.95162e-01	
4.16774e-06	-9.96237e-02	4.25761e-01	
4.17010e-06	-1.55877e-01	4.50994e-01	
4.17246e-06	-2.10279e-01	4.68590e-01	
4.17482e-06	-2.61708e-01	4.76835e-01	
4.17718e-06	-3.08356e-01	4.75451e-01	
4.17954e-06	-3.49513e-01	4.65503e-01	
4.18189e-06	-3.85536e-01	4.48572e-01	
4.18425e-06	-4.16302e-01	4.25862e-01	
4.18661e-06	-4.40385e-01	3.97811e-01	
4.18897e-06	-4.56739e-01	3.64269e-01	
4.19133e-06	-4.66035e-01	3.24920e-01	
4.19369e-06	-4.68945e-01	2.79646e-01	
4.19605e-06	-4.64535e-01	2.28783e-01	
4.19840e-06	-4.51809e-01	1.73310e-01	
4.20076e-06	-4.31491e-01	1.14891e-01	
4.20312e-06	-4.04956e-01	5.55794e-02	
4.20548e-06	-3.72308e-01	-2.85192e-03	
4.20784e-06	-3.32939e-01	-5.95842e-02	
4.21020e-06	-2.87808e-01	-1.14889e-01	
4.21256e-06	-2.38745e-01	-1.69459e-01	
4.21492e-06	-1.86155e-01	-2.23327e-01	
4.21727e-06	-1.29719e-01	-2.75182e-01	
4.21963e-06	-7.04720e-02	-3.22672e-01	
4.22199e-06	-1.04113e-02	-3.63547e-01	
4.22435e-06	4.94371e-02	-3.96778e-01	
4.22671e-06	1.08939e-01	-4.22831e-01	
4.22907e-06	1.67223e-01	-4.42905e-01	
4.23143e-06	2.22504e-01	-4.57752e-01	
4.23378e-06	2.73536e-01	-4.66979e-01	
4.23614e-06	3.20031e-01	-4.69266e-01	
4.23850e-06	3.61816e-01	-4.63256e-01	
4.24086e-06	3.97929e-01	-4.48416e-01	
4.24322e-06	4.26871e-01	-4.25315e-01	
4.24558e-06	4.48385e-01	-3.95259e-01	
4.24794e-06	4.63297e-01	-3.59650e-01	
4.25030e-06	4.71602e-01	-3.19485e-01	
4.25265e-06	4.72464e-01	-2.75211e-01	
4.25501e-06	4.65764e-01	-2.26893e-01	
4.25737e-06	4.52492e-01	-1.74530e-01	
4.25973e-06	4.33432e-01	-1.18396e-01	
4.26209e-06	4.08402e-01	-5.92826e-02	
4.26445e-06	3.77144e-01	1.44800e-03	
4.26681e-06	3.40470e-01	6.20759e-02	
4.26916e-06	2.99488e-01	1.20956e-01	
4.27152e-06	2.54187e-01	1.76955e-01	
4.27388e-06	2.04072e-01	2.29609e-01	
4.27624e-06	1.49836e-01	2.78889e-01	
4.27860e-06	9.31259e-02	3.24688e-01	
4.28096e-06	3.46738e-02	3.66407e-01	
4.28332e-06	-2.55586e-02	4.02913e-01	
4.28567e-06	-8.65349e-02	4.32903e-01	
4.28803e-06	-1.46184e-01	4.55387e-01	
4.29039e-06	-2.03101e-01	4.69957e-01	
4.29275e-06	-2.56888e-01	4.76707e-01	
4.29511e-06	-3.07046e-01	4.75960e-01	
4.29747e-06	-3.52102e-01	4.68041e-01	
4.29983e-06	-3.90432e-01	4.53247e-01	
4.30219e-06	-4.21992e-01	4.31883e-01	
4.30454e-06	-4.47505e-01	4.04233e-01	
4.30690e-06	-4.66268e-01	3.70470e-01	
4.30926e-06	-4.76585e-01	3.30663e-01	
4.31162e-06	-4.78288e-01	2.85043e-01	
4.31398e-06	-4.72785e-01	2.34375e-01	
4.31634e-06	-4.59976e-01	1.80080e-01	
4.31870e-06	-4.38535e-01	1.23868e-01	
4.32105e-06	-4.08780e-01	6.70479e-02	
4.32341e-06	-3.72527e-01	1.00768e-02	
4.32577e-06	-3.30775e-01	-4.72257e-02	
4.32813e-06	-2.83288e-01	-1.04894e-01	
4.33049e-06	-2.30986e-01	-1.62094e-01	
4.33285e-06	-1.76343e-01	-2.17099e-01	
4.33521e-06	-1.20801e-01	-2.67996e-01	
4.33757e-06	-6.41870e-02	-3.13559e-01	
4.33992e-06	-6.65626e-03	-3.53550e-01	
4.34228e-06	5.04423e-02	-3.88281e-01	
4.34464e-06	1.05894e-01	-4.17871e-01	
4.34700e-06	1.60124e-01	-4.41861e-01	
4.34936e-06	2.13772e-01	-4.59427e-01	
4.35172e-06	2.65512e-01	-4.69859e-01	
4.35408e-06	3.13396e-01	-4.72810e-01	
4.35643e-06	3.56986e-01	-4.68175e-01	
4.35879e-06	3.96085e-01	-4.55886e-01	
4.36115e-06	4.28911e-01	-4.35951e-01	
4.36351e-06	4.53249e-01	-4.08717e-01	
4.36587e-06	4.68511e-01	-3.74987e-01	
4.36823e-06	4.75675e-01	-3.35730e-01	
4.37059e-06	4.75647e-01	-2.91600e-01	
4.37295e-06	4.68418e-01	-2.42737e-01	
4.37530e-06	4.54181e-01	-1.89124e-01	
4.37766e-06	4.34396e-01	-1.31243e-01	
4.38002e-06	4.10297e-01	-7.04347e-02	
4.38238e-06	3.81231e-01	-8.61652e-03	
4.38474e-06	3.45877e-01	5.24044e-02	
4.38710e-06	3.04411e-01	1.11464e-01	
4.38946e-06	2.57679e-01	1.68041e-01	
4.39181e-06	2.05318e-01	2.21855e-01	
4.39417e-06	1.47030e-01	2.72470e-01	
4.39653e-06	8.46216e-02	3.19175e-01	
4.39889e-06	2.13684e-02	3.61090e-01	
4.40125e-06	-4.06989e-02	3.97270e-01	
4.40361e-06	-1.01133e-01	4.26782e-01	
4.40597e-06	-1.58712e-01	4.48867e-01	
4.40832e-06	-2.11742e-01	4.63234e-01	
4.41068e-06	-2.60072e-01	4.70249e-01	
4.41304e-06	-3.05084e-01	4.70714e-01	
4.41540e-06	-3.47646e-01	4.65253e-01	
4.41776e-06	-3.86586e-01	4.53724e-01	
4.42012e-06	-4.20271e-01	4.35207e-01	
4.42248e-06	-4.48499e-01	4.08687e-01	
4.42484e-06	-4.70395e-01	3.73955e-01	
4.42719e-06	-4.83171e-01	3.32048e-01	
4.42955e-06	-4.85084e-01	2.84903e-01	
4.43191e-06	-4.76929e-01	2.34498e-01	
4.43427e-06	-4.60337e-01	1.82095e-01	
4.43663e-06	-4.36084e-01	1.28018e-01	
4.43899e-06	-4.04975e-01	7.19729e-02	
4.44135e-06	-3.68792e-01	1.36587e-02	
4.44370e-06	-3.29262e-01	-4.66452e-02	
4.44606e-06	-2.86810e-01	-1.07739e-01	
4.44842e-06	-2.40695e-01	-1.67589e-01	
4.45078e-06	-1.90788e-01	-2.23917e-01	
4.45314e-06	-1.38307e-01	-2.75065e-01	
4.45550e-06	-8.43038e-02	-3.20611e-01	
4.45786e-06	-2.85957e-02	-3.61209e-01	
4.46022e-06	2.83370e-02	-3.97607e-01	
4.46257e-06	8.45535e-02	-4.29527e-01	
4.46493e-06	1.38883e-01	-4.55304e-01	
4.46729e-06	1.91759e-01	-4.72681e-01	
4.46965e-06	2.43440e-01	-4.80194e-01	
4.47201e-06	2.92528e-01	-4.78098e-01	
4.47437e-06	3.37231e-01	-4.68109e-01	
4.47673e-06	3.76887e-01	-4.52233e-01	
4.47908e-06	4.10998e-01	-4.31595e-01	
4.48144e-06	4.37699e-01	-4.06045e-01	
4.48380e-06	4.55308e-01	-3.74642e-01	
4.48616e-06	4.64264e-01	-3.36487e-01	
4.48852e-06	4.65991e-01	-2.91373e-01	
4.49088e-06	4.61215e-01	-2.40053e-01	
4.49324e-06	4.49821e-01	-1.84194e-01	
4.49560e-06	4.32058e-01	-1.26051e-01	
4.49795e-06	4.08572e-01	-6.78221e-02	
4.50031e-06	3.79034e-01	-1.08422e-02	
4.50267e-06	3.42079e-01	4.48807e-02	
4.50503e-06	2.97139e-01	1.00304e-01	
4.50739e-06	2.45588e-01	1.56206e-01	
4.50975e-06	1.89455e-01	2.12026e-01	
4.51211e-06	1.30205e-01	2.65624e-01	
4.51446e-06	6.92585e-02	3.14238e-01	
4.51682e-06	8.75767e-03	3.55950e-01	
4.51918e-06	-4.96948e-02	3.90523e-01	
4.52154e-06	-1.06159e-01	4.19002e-01	
4.52390e-06	-1.61062e-01	4.42460e-01	
4.52626e-06	-2.13882e-01	4.60891e-01	
4.52862e-06	-2.63430e-01	4.73031e-01	
4.53097e-06	-3.08812e-01	4.77090e-01	
4.53333e-06	-3.49644e-01	4.71775e-01	
4.53569e-06	-3.85154e-01	4.56953e-01	
4.53805e-06	-4.14141e-01	4.33670e-01	
4.54041e-06	-4.36371e-01	4.03651e-01	
4.54277e-06	-4.52654e-01	3.68566e-01	
4.54513e-06	-4.63354e-01	3.29386e-01	
4.54749e-06	-4.67550e-01	2.86119e-01	
4.54984e-06	-4.64265e-01	2.38122e-01	
4.55220e-06	-4.53462e-01	1.84910e-01	
4.55456e-06	-4.35347e-01	1.26960e-01	
4.55692e-06	-4.09916e-01	6.59608e-02	
4.55928e-06	-3.77452e-01	4.26058e-03	
4.56164e-06	-3.39091e-01	-5.60912e-02	
4.56400e-06	-2.96104e-01	-1.14025e-01	
4.56635e-06	-2.48893e-01	-1.69403e-01	
4.56871e-06	-1.97186e-01	-2.22397e-01	
4.57107e-06	-1.41405e-01	-2.72832e-01	
4.57343e-06	-8.30917e-02	-3.19942e-01	
4.57579e-06	-2.35987e-02	-3.62526e-01	
4.57815e-06	3.62385e-02	-3.99265e-01	
4.58051e-06	9.51771e-02	-4.28990e-01	
4.58287e-06	1.51390e-01	-4.50918e-01	
4.58522e-06	2.03808e-01	-4.64875e-01	
4.58758e-06	2.52952e-01	-4.71350e-01	
4.58994e-06	2.99281e-01	-4.71184e-01	
4.59230e-06	3.41732e-01	-4.64958e-01	
4.59466e-06	3.78939e-01	-4.52499e-01	
4.59702e-06	4.10189e-01	-4.32981e-01	
4.59938e-06	4.34725e-01	-4.05639e-01	
4.60173e-06	4.51624e-01	-3.70559e-01	
4.60409e-06	4.60536e-01	-3.28921e-01	
4.60645e-06	4.62294e-01	-2.82475e-01	
4.60881e-06	4.58241e-01	-2.32695e-01	
4.61117e-06	4.48592e-01	-1.80241e-01	
4.61353e-06	4.32077e-01	-1.25052e-01	
4.61589e-06	4.07829e-01	-6.69007e-02	
4.61825e-06	3.76380e-01	-5.98072e-03	
4.62060e-06	3.38328e-01	5.67540e-02	
4.62296e-06	2.94297e-01	1.19572e-01	
4.62532e-06	2.45995e-01	1.80257e-01	
4.62768e-06	1.95758e-01	2.36670e-01	
4.63004e-06	1.44693e-01	2.87425e-01	
4.63240e-06	9.19847e-02	3.32271e-01	
4.63476e-06	3.67718e-02	3.71834e-01	
4.63711e-06	-2.03792e-02	4.06739e-01	
4.63947e-06	-7.79740e-02	4.36703e-01	
4.64183e-06	-1.34577e-01	4.60336e-01	
4.64419e-06	-1.88576e-01	4.75870e-01	
4.64655e-06	-2.38225e-01	4.82249e-01	
4.64891e-06	-2.82860e-01	4.79730e-01	
4.65127e-06	-3.23118e-01	4.69544e-01	
4.65363e-06	-3.59965e-01	4.52973e-01	
4.65598e-06	-3.93393e-01	4.30632e-01	
4.65834e-06	-4.21754e-01	4.02415e-01	
4.66070e-06	-4.42996e-01	3.67954e-01	
4.66306e-06	-4.55900e-01	3.27104e-01	
4.66542e-06	-4.59821e-01	2.80168e-01	
4.66778e-06	-4.54941e-01	2.27940e-01	
4.67014e-06	-4.42663e-01	1.71717e-01	
4.67249e-06	-4.24906e-01	1.13220e-01	
4.67485e-06	-4.02627e-01	5.42192e-02	
4.67721e-06	-3.75077e-01	-4.06508e-03	
4.67957e-06	-3.40758e-01	-6.13554e-02	
4.68193e-06	-2.99365e-01	-1.18041e-01	
4.68429e-06	-2.52331e-01	-1.74297e-01	
4.68665e-06	-2.01325e-01	-2.29268e-01	
4.68900e-06	-1.47858e-01	-2.81016e-01	
4.69136e-06	-9.35944e-02	-3.27332e-01	
4.69372e-06	-3.93197e-02	-3.66763e-01	
4.69608e-06	1.55995e-02	-3.99062e-01	
4.69844e-06	7.20794e-02	-4.24792e-01	
4.70080e-06	1.29536e-01	-4.44534e-01	
4.70316e-06	1.85490e-01	-4.58346e-01	
4.70552e-06	2.37209e-01	-4.65749e-01	
4.70787e-06	2.83402e-01	-4.66044e-01	
4.71023e-06	3.23858e-01	-4.58629e-01	
4.71259e-06	3.58466e-01	-4.43210e-01	
4.71495e-06	3.87449e-01	-4.19985e-01	
